000000000110001011111111001000
000000000010100111111111110011
000000001000101111111111110110
000000000001011110000001110000
000000001010011101001001111101
000000001001111100100001111001
000000001010111010001000111011
000000000000111001001010111010
000000000000111000000000111100
000000000000111000000000111101
000000000000111000000000011111
000000000000111000000000011100
000000000000111000000000011111
000000000000111000000000111100
000000000000111000000000111101
000000000000111000000000111000
000000001011011110011000111001
000000000110011100000101111110
000000000101111111100011110000
000000001000101111111111100000
000000000010011111111111111001
000000000101000111111101000101
000000000110101000010010110000
000000001010101001010101100101
000000000000000000000000000000
000000000000000000000000000000
000000000000000000000000000000
000000000000000000000000000000
000000000000000000000000000000
000000000000000000000000000000
