000000001001001010010000000000
000000000010110101101110000000
000000000100000110100001000000
000000000110101111110100000000
000000001000111111111101000000
000000001010111111111110000000
000000000011111000111110000000
000000000111111000101111000000
000000001011110110010111001010
000000000111100000010111100100
000000000111001110100111110001
000000001111100001010111111110
000000000111011101101011100101
000000001111010010100011100010
000000000111011001001011101101
000000000111010110110111100000
000000000111001010000011101100
000000001111100101101111110111
000000000111010001001011100000
000000000111101010100111010011
000000001011100010001111100100
000000000011110100101111010101
000000001001111011011111001010
000000000011111111111110010010
000000001000111111111110000000
000000000010111111110001000000
000000000011000010110110000000
000000001010101001001000000000
000000000100010110000110000000
000000000101000000111010000000
