000000000100100010010010000000
000000001001001111101001000000
000000000001111111111110000000
000000000000111111111101000000
000000000101111100111110000000
000000001011110001011111000000
000000000111101001101111000000
000000001011110010001111000000
000000000111000001001111001000
000000000111000000011011100001
000000000111000001101111110010
000000000111000000000011100100
000000000111000000000011111011
000000000111000001101111100010
000000000111000000011011101001
000000000111000001001111101010
000000000111101000101111000000
000000001111110100100111000000
000000000011101011010111000000
000000000111101100101111000000
000000000111111001111110000000
000000001001111111111110000000
000000000011111111111101000000
000000001100101111111100000000
000000000000000000000000000000
000000000000000000000000000000
000000000000000000000000000000
000000000000000000000000000000
000000000000000000000000000000
000000000000000000000000000000
