000000000000010001001011000000
000000000101000110011100000000
000000000001101010100001000000
000000001010001101001010000000
000000000110010111111100000000
000000000000101111111110000000
000000000110111111111110000000
000000001001111110010111000000
000000001001111000011111100010
000000001010111011010111101000
000000001010111100000111101100
000000000101111110101011110101
000000001101110001000111101001
000000000001111100001011110110
000000001001110001010111100101
000000000100111101001011110011
000000001100111000100011100010
000000000111111110001111100101
000000001001111100110111100010
000000000010111101001111001101
000000000100111111111111100000
000000000101001111111111001111
000000001010110111111010010000
000000000100000000101100011001
000000000000000000000000000000
000000000000000000000000000000
000000000000000000000000000000
000000000000000000000000000000
000000000000000000000000000000
000000000000000000000000000000
