000000000100110010000010000000
000000000001001001010001000000
000000000111001001001100000000
000000001001110010100101000000
000000001110000110011010000000
000000000100111010100011000000
000000001011000111110010000000
000000000100111111111110000000
000000000001111111111111000000
000000000100111101001110000000
000000000010111001011110000000
000000001001111100101111000000
000000000101111011100111000000
000000001011110100000111000000
000000000111110001010111000000
000000001011110110010111000000
000000000101111000000111000000
000000000001111111010111000000
000000000000111000010111000000
000000000100111111001111000000
000000000010111100001110000000
000000001001011111111111000000
000000000100011111111111000000
000000001001010111110010000000
000000000000000000000000000000
000000000000000000000000000000
000000000000000000000000000000
000000000000000000000000000000
000000000000000000000000000000
000000000000000000000000000000
