000000000000110110010001000000
000000000011001001111010000000
000000000100100101100101000000
000000000001100011011000000000
000000001010011111110010000000
000000000001011111111100000000
000000000111111111111111000000
000000000001111100001111000000
000000000001111101001111010010
000000000101111000101111000100
000000000011101110010011100011
000000001011100100101011101100
000000000111111010000111110001
000000001111100101101011100010
000000001011101010000011110101
000000000011110100011011100010
000000000011101010100011100110
000000001011110001001011101001
000000000111101100001011101010
000000001011110010100011101011
000000000011111110001111100100
000000001101110010010111000000
000000000011111100011111001001
000000000101111111111110100100
000000001010011111111110000000
000000000100010111110100000000
000000000101101010100011000000
000000000110000101011010000000
000000001001111010110101000000
000000001110011001001100000000
