000000000000101000110101000000
000000001010001111001000000000
000000001011010010010001000000
000000000000010010111110000000
000000000100000101010001000000
000000000010111111101100000000
000000000111111111001001000000
000000001011111111110010000000
000000000111101011111001000000
000000001111001001111010000000
000000001110110011110001000000
000000001111010101111100000000
000000001110100101110010000000
000000001111101011110000000000
000000001110010101111010000000
000000001111001011110101000000
000000001110100001111101000000
000000001111101101111010000000
000000000111011011110001000000
000000001011111111101010000000
000000000111111111000110000000
000000000010111111011000000000
000000001010000010101010000000
000000000100111001000100000000
000000000000000000000000000000
000000000000000000000000000000
000000000000000000000000000000
000000000000000000000000000000
000000000000000000000000000000
000000000000000000000000000000
