000000000100100100110110000000
000000001010010010100100000000
000000001000001101000101000000
000000000011010000011000000000
000000000000110110100010000000
000000001010111111011100000000
000000000011111111000100000000
000000000011111111110010000000
000000000111001011111100000000
000000001111010111110110000000
000000001111001001110010000000
000000001111011011111000000000
000000001110000101110101000000
000000001111110011110101000000
000000001110100101111010000000
000000001111001001110001000000
000000001111001011110010000000
000000000111100001111000000000
000000000111011111110010000000
000000000011111111110100000000
000000001011111111100111000000
000000000100111111110000000000
000000000100100010001000000000
000000000001000101010100000000
000000000000000000000000000000
000000000000000000000000000000
000000000000000000000000000000
000000000000000000000000000000
000000000000000000000000000000
000000000000000000000000000000
