000000000010010001001001000000
000000000100101010100000000000
000000000101010100000110000000
000000000010110001000001000000
000000001100001100101100000000
000000000000111010010010000000
000000000101111110111001000000
000000000011111111001000000000
000000000111110111100101000000
000000000111101011100110000000
000000001110011011110001000000
000000001111100101110100000000
000000001110011001111011000000
000000001111100011110100000000
000000001110110101111111000000
000000001110100011110010000000
000000001110100101110001000000
000000001111101011111010000000
000000000111010111110000000000
000000001111111111101100000000
000000000011111111000101000000
000000000111111101101101000000
000000000100100100011010000000
000000001011001001000101000000
000000000000000000000000000000
000000000000000000000000000000
000000000000000000000000000000
000000000000000000000000000000
000000000000000000000000000000
000000000000000000000000000000
