000000001000110100101010010101
000000000101000001111101001001
000000001000001111111111100100
000000001010011111111111100011
000000000100111111001011111000
000000000011111111101001111110
000000000110111101001011111000
000000000010111000101101111011
000000000100111000000000111101
000000000001111100000000011110
000000000101110000000000011100
000000000011110100000000011111
000000000001111100000000011101
000000000001111000000000011101
000000000001111000000000111101
000000000101110000000000011101
000000000001110101000000011101
000000001011111000100100111110
000000000000111110010100111010
000000000001111001011101111001
000000000100111100101001111101
000000000010111110011011110010
000000000011011111111111100110
000000000100101111111111100001
000000000000000001111101000000
000000000000000000111010000000
000000000000000011001010000000
000000000000000000110010000000
000000000000000000110100000000
000000000000000010001001000000
