000000001010001011111100000011
000000001000101111111110101000
000000000110101111111111000100
000000001001011111011111110000
000000000010111111100011101001
000000000100111000010001110110
000000001101111101001001110011
000000000011110000000101110010
000000000001110010001010111000
000000000001110001010010111000
000000000001110010100111111000
000000000001110010101000111000
000000000001110000010111111000
000000000001110001001000111000
000000000001110001100111111000
000000000001110000110001111000
000000000001111010001001110010
000000001001111100100101110011
000000000111111010001011110110
000000000010011110010111101001
000000001001011111111111110000
000000000010101111111111000100
000000001100100111111100101000
000000000101001001001101000011
000000000000000000000000000000
000000000000000000000000000000
000000000000000000000000000000
000000000000000000000000000000
000000000000000000000000000000
000000000000000000000000000000
