000000000110001000101001000000
000000000000010010110000000000
000000000100100100000110000000
000000000001011111010000000000
000000000000010000111000000000
000000001011001011000111000000
000000000100011111111010000000
000000000100111111111101000000
000000000011111111111110000000
000000001011110100111111000000
000000000011111010011111000000
000000001011100101001111000000
000000000011110000010111000000
000000000111101110011111000000
000000000111101000110111000000
000000001111010001001111000000
000000000111010101001111000000
000000001111100100110111000000
000000001011101010011111000000
000000000011100000010111000000
000000000111100101001111000000
000000001011110010011111000000
000000000011111100111111000000
000000000100111111111110000000
000000000101111111111010000000
000000001011000111110001000000
000000000000010100000001000000
000000001011101000110000000000
000000000000010001001101000000
000000000100000110100000000000
