000000000101101000110010000000
000000000110001000010100000000
000000001000110101001011000000
000000000110101000000100000000
000000001001001000100011000000
000000001110100111001001000000
000000000000101011110010000000
000000001011011111111101000000
000000000110011111111100000000
000000001001111110111111000000
000000001001111001001111000000
000000000111110100111111000000
000000001101111000001111000000
000000000011110011110111000000
000000001111110100001111000000
000000000111111001010111000000
000000001011100010000111000000
000000000011101001001111000000
000000001011110110100111000000
000000000001111010111111000000
000000001001111000001111000000
000000000101111101111111000000
000000001010111000011111000000
000000000001111111111100000000
000000000100011111111100000000
000000001010010111110010000000
000000000010001001000101000000
000000001010110010100101000000
000000001000001110001010000000
000000000100110001111011000000
