000000000000000000000000000000
000000000000000000000000000000
000000000000000000000000000000
000000000000000000000000000000
000000000000000000000000000000
000000000000000000000000000000
000000000000000000000000000000
000000000000000000000000000000
000000001010010100101100000000
000000000000101010010010000000
000000001110011101001011000000
000000000100111111001110000000
000000000101111111100101000000
000000000001110111110010000000
000000001001110101111100000000
000000000011111001110001000000
000000000111100011110011000000
000000001011100101110100000000
000000001001111001111001000000
000000000111110011111010000000
000000001011111111110011000000
000000000000111111101100000000
000000000110111111000011000000
000000000000000101100100000000
000000000000000000000000000000
000000000000000000000000000000
000000000000000000000000000000
000000000000000000000000000000
000000000000000000000000000000
000000000000000000000000000000
