000000000000000000000000000000
000000000000000000000000000000
000000000000000000000000000000
000000000000000000000000000000
000000000000000000000000000000
000000000000000000000000000000
000000000000000000000000000000
000000000000000000000000000000
000000000101101001100101000000
000000000100101101000001000000
000000001001010000111110000000
000000000010001110000001000000
000000001001100000110100000000
000000000011111110001010000000
000000001111111110010101000000
000000000111111110001010000000
000000000111101110010101000000
000000001111010111001010000000
000000001111001111111010000000
000000001111101111000100000000
000000000111111110010011000000
000000000111111110110110000000
000000000011111111010001000000
000000000011111110010110000000
000000000000000000000000000000
000000000000000000000000000000
000000000000000000000000000000
000000000000000000000000000000
000000000000000000000000000000
000000000000000000000000000000
