000000000000000000000000000000
000000000000000000000000000000
000000000000000000000000000000
000000000000000000000000000000
000000000000000000000000000000
000000000000000000000000000000
000000000000000000000000000000
000000000000000000000000000000
000000000100001000000000000000
000000000011110000000000000000
000000001000000100000000000000
000000000011110000000000000000
000000000010010000000000000000
000000001010010100000000000000
000000000111111000000000000000
000000000111111000000000000000
000000001111111100000000000000
000000001111011100000000000000
000000001110011100000000000000
000000001111011100000000000000
000000001111111100000000000000
000000001111111000000000000000
000000000111111000000000000000
000000000111110000000000000000
000000000000000000000000000000
000000000000000000000000000000
000000000000000000000000000000
000000000000000000000000000000
000000000000000000000000000000
000000000000000000000000000000
