000000000000000000000000000000
000000000000000000000000000000
000000000000000000000000000000
000000000000000000000000000000
000000000000000000000000000000
000000000000000000000000000000
000000000000000000000000000000
000000000000000000000000000000
000000000101001001100101000000
000000001011111110100000000000
000000000111111111010110000000
000000001111111111011000000000
000000001111101111101000000000
000000001110110111010111000000
000000001111001011101000000000
000000001110010011100010000000
000000001111001011110110000000
000000001110110111110100000000
000000001111000011110011000000
000000001110011111000101000000
000000001111000111000010000000
000000000111111110010100000000
000000001011111110010001000000
000000000011111101001000000000
000000000000000000000000000000
000000000000000000000000000000
000000000000000000000000000000
000000000000000000000000000000
000000000000000000000000000000
000000000000000000000000000000
