000000000000000000000000000000
000000000000000000000000000000
000000000000000000000000000000
000000000000000000000000000000
000000000000000000000000000000
000000000000000000000000000000
000000000000000000000000000000
000000000000000000000000000000
000000000100110110000100000000
000000001010001100010001000000
000000000100111111001111000000
000000000011111111111010000000
000000001001111111101001000000
000000000011100111110100000000
000000000111101011100110000000
000000001011110101110010000000
000000000011110101110010000000
000000001011101011111011000000
000000000011111001110100000000
000000001111101111110010000000
000000000011110011100100000000
000000001101111111100101000000
000000000001111111010100000000
000000001011011110000010000000
000000000000000000000000000000
000000000000000000000000000000
000000000000000000000000000000
000000000000000000000000000000
000000000000000000000000000000
000000000000000000000000000000
