000000000010010101001000000000
000000001101100000010101000000
000000000001001010010010000000
000000000110101000101000000000
000000000101101111000101000000
000000000010111111111000000000
000000001100111111111110000000
000000000011111000111111000000
000000000101110101111101000000
000000000101110111001111000000
000000001011101000011110000000
000000001111111001101111000000
000000000111100100101111000000
000000000111111010101110000000
000000000111110000011110000000
000000000111110101011110000000
000000000011110101011110000000
000000000011110010011100000000
000000001101111101111110000000
000000000001111111111011000000
000000001100111111111110000000
000000001001011111100001000000
000000000001101010010001000000
000000000100011000100100000000
000000000000000000000000000000
000000000000000000000000000000
000000000000000000000000000000
000000000000000000000000000000
000000000000000000000000000000
000000000000000000000000000000
