000000000010010001011001000000
000000001100100010100110000000
000000000111001000011011000000
000000001010100001001100000000
000000000001010101001010000000
000000000001001111111010000000
000000000011111111111101000000
000000000101111111111110000000
000000001011110110011110000000
000000000111111011101110000000
000000000111110101001111000000
000000001011100101010111000000
000000000011111000001111000000
000000000111000101010111000000
000000000111010000111111000000
000000001111001011000111000000
000000000111110000100111000000
000000000011100101001111000000
000000001011100110111111000000
000000000111111011001110000000
000000000111110101011111000000
000000000101111101011110000000
000000001010111111111101000000
000000000001111111111000000000
000000000100100111100000000000
000000001000011010000001000000
000000000010100010110000000000
000000001001011001101001000000
000000001100101011010010000000
000000000010011010111001000000
