000000000001000101010001000110
000000001000011111111100010100
000000000100111111111111001011
000000000010111111111111010001
000000001010111000010111111000
000000000011110100001111110001
000000000101111011100011111010
000000000111111000100101110001
000000000011101010110011110000
000000000011101000101001111000
000000000011101001000111111101
000000000011101010111000111101
000000000011101011000011111101
000000000011101000001100111101
000000000011101011011011111000
000000000011101010101001110000
000000001011111001010011110010
000000000101110110001001111000
000000000111110000100001111100
000000001001111110001011110011
000000000111111100101111100100
000000001000111111111111101100
000000000111011111111111011001
000000001010110011111100010110
000000000000000000000000000000
000000000000000000000000000000
000000000000000000000000000000
000000000000000000000000000000
000000000000000000000000000000
000000000000000000000000000000
