000000000000000000000000000000
000000000000000000000000000000
000000000000000000000000000000
000000000000000000000000000000
000000000000000000000000000000
000000000000000000000000000000
000000000000000000000000000000
000000000000000000000000000000
000000000000100000100100000000
000000001011000110010011000000
000000000000111001000100000000
000000000100100110101001000000
000000000111111100010110000000
000000001011111110100011000000
000000000111111111001100000000
000000000111001111000101000000
000000000111100111010000000000
000000001111001111011011000000
000000001111100111110110000000
000000001111100111101001000000
000000000111010111001000000000
000000001111001111100001000000
000000000111111111000100000000
000000000111111110011010000000
000000001001111100000000000000
000000000111000000000000000000
000000000100000100000000000000
000000001001010000000000000000
000000000010100100000000000000
000000000100011000000000000000
