000000001010010000100110000000
000000000101001010110001000000
000000000000100101001100000000
000000000111011011110001000000
000000001000011111111010000000
000000000110111111111100000000
000000000001111111111010000000
000000001011110100111100000000
000000000111101000111111000000
000000001011100111001110000000
000000000111111000001111000000
000000001111001001011110000000
000000000111101001101110000000
000000001111000100001111000000
000000000111110001001110000000
000000000011001010101110000000
000000000011101110001111000000
000000000111110000111100000000
000000001011110101011101000000
000000000101110010111110000000
000000000011111111111100000000
000000000100111111111101000000
000000000001011111100110000000
000000000100110110001001000000
000000000000000000000000000000
000000000000000000000000000000
000000000000000000000000000000
000000000000000000000000000000
000000000000000000000000000000
000000000000000000000000000000
