000000000000110000111000000100
000000000101000111111101101011
000000000011011111111100011000
000000000100111111111111000101
000000001010111101111111001000
000000000001111100100111110001
000000001011111010001011100010
000000000101110000110111110000
000000000011100000010111100100
000000000011100010001001110010
000000000011100001101101110010
000000000011100010001001111011
000000000011100000010011110100
000000000011100010101001111010
000000000011100001010101110001
000000000011100001000001110110
000000000111101011010011110010
000000001011111001011011101000
000000000011111010110011100101
000000000001110101001011110000
000000001000111101001111010110
000000000101111111111111100000
000000001010011111111110010110
000000000100100111111001010000
000000000000000000000000000000
000000000000000000000000000000
000000000000000000000000000000
000000000000000000000000000000
000000000000000000000000000000
000000000000000000000000000000
