000000000111010011111111001011
000000000100101111111111110000
000000000011011111111111101001
000000001000011110010001111001
000000000011111110100101111001
000000001000011110010000111100
000000001001111101010110111100
000000000110111110001001111010
000000000000111000000000111101
000000000000111000000000011100
000000000000111000000000011111
000000000000111000000000011100
000000000000111000000000111110
000000000000111000000000111011
000000000000111000000000111000
000000000000111000000000111111
000000001001011110011000111000
000000000110111100100101111100
000000000000011111011011111001
000000001110001111111111101010
000000000001100111111111100000
000000001010011001111101010011
000000000101000010101010101010
000000000000000001010001110100
000000000000000000000000000000
000000000000000000000000000000
000000000000000000000000000000
000000000000000000000000000000
000000000000000000000000000000
000000000000000000000000000000
