000000000000000000000000000000
000000000000000000000000000000
000000000000000000000000000000
000000000000000000000000000000
000000000000000000000000000000
000000000000000000000000000000
000000000000000000000000000000
000000000000000000000000000000
000000001010100101010101000000
000000000101011010101000000000
000000001011011100010101000000
000000000111111000111000000000
000000000111111111000110000000
000000001111111100010010000000
000000001110011110001100000000
000000001111101110110001000000
101101011101001111010011000000
010100111101001110100110000000
001110011110101110001001000000
110101001110011110101011000000
000010101111101110010000000000
011000101111111100100010000000
100100000111111100110100000000
001101000011111110010010000000
000000000000000000000000000000
000000000000000000000000000000
000000000000000000000000000000
000000000000000000000000000000
000000000000000000000000000000
000000000000000000000000000000
