000000000110011010010000000000
000000001001010101101110000000
000000001010100000010001000000
000000000101100111101110000000
000000001000111111111100000000
000000000011111111111110000000
000000000101111001111111000000
000000001011111010101111000000
000000000111110101001111000000
000000001111100010100111000000
000000000011101000011111000000
000000000011100100100111000000
000000001011101110010111000000
000000000011100001011111000000
000000000111100110100111000000
000000000111100001010111000000
000000001011111011110111000000
000000000011110100011111000000
000000000111101011010111000000
000000000011110100001111000000
000000001101111010111110000000
000000000110111111111101000000
000000001000111111111110000000
000000000101000111111001000000
000000000000000000000000000000
000000000000000000000000000000
000000000000000000000000000000
000000000000000000000000000000
000000000000000000000000000000
000000000000000000000000000000
