000000000011000010010011000000
000000001100101010101000000000
000000000010000101000110000000
000000000010110011010011000000
000000000101001110110100000000
000000000010111011000001000000
000000001101111110001001000000
000000000011111111001010000000
000000000111100111100101000000
000000000111101011110010000000
000000001110010111111011000000
000000001110100001110100000000
000000001110010101111010000000
000000001111110001110000000000
000000001110010011110011000000
000000001111101011110100000000
000000001111010001111000000000
000000001111101011110110000000
000000000111110011110100000000
000000000111111111100101000000
000000001011111111101000000000
000000000101111100000101000000
000000001100100110011010000000
000000000011000101000101000000
000000000000000000000000000000
000000000000000000000000000000
000000000000000000000000000000
000000000000000000000000000000
000000000000000000000000000000
000000000000000000000000000000
