000000000000000000000000000000
000000000000000000000000000000
000000000000000000000000000000
000000000000000000000000000000
000000000000000000000000000000
000000000000000000000000000000
000000000000000000000000000000
000000000000000000000000000000
000000000101010110100000000000
000000000010111111111110000000
000000000100111111111010000000
000000001011111111111011000000
000000000001110110111100000000
000000001111111011011111000000
000000000011111101011100000000
000000000111100000011110000000
000000001111100100011111000000
000000000011110010001110000000
000000001111101001011111000000
000000000011101001011110000000
000000001111100110011111000000
000000000011110000111100000000
000000001001110100111111000000
000000000010111111111010000000
000000000100111111110001000000
000000001011001111100110000000
000000000001011010000100000000
000000001010101010110010000000
000000000100010100101010000000
000000000100000010011000000000
