000000000000010101001011000000
000000000011000101011010000000
000000001001001010010001000000
000000000001111111101100000000
000000000101111111111001000000
000000001011111111111000000000
000000000111110110111100000000
000000000111101000111000000000
000000001111001000011100000000
000000000111100100011100000000
000000000110010000011100000000
000000001111001000011100000000
000000001111000100011100000000
000000001110110000011100000000
000000001111010100011100000000
000000000111100000011100000000
000000000111001000011110000000
000000001111100110111001000000
000000000111110001111001000000
000000000011111111110101000000
000000001111111111111110000000
000000000100111111000000000000
000000001001011000110101000000
000000000010100110010010000000
000000000000000000000000000000
000000000000000000000000000000
000000000000000000000000000000
000000000000000000000000000000
000000000000000000000000000000
000000000000000000000000000000
