000000000100010110010000000000
000000001011001001101101000000
000000000000011011011010000000
000000001001101011100101000000
000000000100010111100101000000
000000000010111111101000000000
000000000010111111111010000000
000000000001111111100101000000
000000000101110011100000000000
000000000100000111100000000000
000000001011010011100000000000
000000001010001011100000000000
000000000001100011100000000000
000000000100110111100000000000
000000001010010011100000000000
000000000100100111100000000000
000000000000000011100000000000
000000000000000011100101000000
000000000000000011110100000000
000000000000000011111010000000
000000000000000011100001000000
000000000000000011111010000000
000000000000000011100101000000
000000000000000001010000000000
000000000000000000000000000000
000000000000000000000000000000
000000000000000000000000000000
000000000000000000000000000000
000000000000000000000000000000
000000000000000000000000000000
