000000000110000101010001000000
000000001000000001001010000000
000000000011100011100101000000
000000001101011000010101000000
000000000010010111101000000000
000000000100111000010011000000
000000001011011111000010000000
000000000100111111001101000000
000000000101111110100000000000
000000000011111110100000000000
000000000111111110100000000000
000000001001101110100000000000
000000000110101110100000000000
000000000100011110100000000000
000000000101111110100000000000
000000000000101110100000000000
000000000100101110000110000000
000000000100011110010101000000
000000000110101110011010000000
000000001101011111100010000000
000000000001001110000010000000
000000001001001111101100000000
000000000111011110010000000000
000000001000000110010010000000
000000000000000000000000000000
000000000000000000000000000000
000000000000000000000000000000
000000000000000000000000000000
000000000000000000000000000000
000000000000000000000000000000
