000000000000000000000000000000
000000000000000000000000000000
000000000000000000000000000000
000000000000000000000000000000
000000000000000000000000000000
000000000000000000000000000000
000000000000000000000000000000
000000000000000000000000000000
000000000110010111000010000000
000000000101101000011001000000
000000000111000101000010000000
000000000001011110011100000000
000000001000111110100100000000
000000000101111111101011000000
000000001010011111010100000000
000000000000111110000100000000
000000000000101111100001000000
000000001011001110100101000000
000000000100111110001010000000
000000001001001110010110000000
000000001100101110101000000000
000000000000011111000100000000
000000000011100100010010000000
000000000100010000101010000000
000000000000000000000000000000
000000000000000000000000000000
000000000000000000000000000000
000000000000000000000000000000
000000000000000000000000000000
000000000000000000000000000000
