000000000000000000000000000000
000000000000000000000000000000
000000000000000000000000000000
000000000000000000000000000000
000000000000000000000000000000
000000000000000000000000000000
000000000000000000000000000000
000000000000000000000000000000
000000000100110000000000000000
000000001000000100000000000000
000000001010110000000000000000
000000000001111000000000000000
000000001101111100000000000000
000000000011111000000000000000
000000001011111100000000000000
000000000000111000000000000000
000000001010111000000000000000
000000000010111100000000000000
000000000100111000000000000000
000000000101111000000000000000
000000001000111000000000000000
000000000011111000000000000000
000000000110110100000000000000
000000000101001000000000000000
000000000000000000000000000000
000000000000000000000000000000
000000000000000000000000000000
000000000000000000000000000000
000000000000000000000000000000
000000000000000000000000000000
