000000000000000000000000000000
000000000000000000000000000000
000000000000000000000000000000
000000000000000000000000000000
000000000000000000000000000000
000000000000000000000000000000
000000000000000000000000000000
000000000000000000000000000000
000000000001001011011010000000
000000000110010111100100000000
000000001001101111110001000000
000000000101011111101000000000
000000000010111111111110000000
000000001100001011110010000000
000000000110010111101100000000
000000000101001011101010000000
000000000000000011100001000000
000000000000000011111000000000
000000000000000011110011000000
000000000000000011101101000000
000000000000000011110000000000
000000000000000011110101000000
000000000000000011111000000000
000000000000000001000001000000
000000000000000000000000000000
000000000000000000000000000000
000000000000000000000000000000
000000000000000000000000000000
000000000000000000000000000000
000000000000000000000000000000
