000000000000000000000000000000
000000000000000000000000000000
000000000000000000000000000000
000000000000000000000000000000
000000000000000000000000000000
000000000000000000000000000000
000000000000000000000000000000
000000000000000000000000000000
000000000000010000000000000000
000000001011001000000000000000
000000000000110000000000000000
000000000101010100000000000000
000000000001100000000000000000
000000001100000100000000000000
000000000010110000000000000000
000000000101111100000000000000
000000000011111000000000000000
000000000101111100000000000000
000000001000111000000000000000
000000000010111000000000000000
000000000001111100000000000000
000000001110111000000000000000
000000000000111100000000000000
000000001010111000000000000000
000000000000111000000000000000
000000000100011000000000000000
000000001001010100000000000000
000000001010101000000000000000
000000000100110100000000000000
000000001001001000000000000000
