000000000000000000000000000000
000000000000000000000000000000
000000000000000000000000000000
000000000000000000000000000000
000000000000000000000000000000
000000000000000000000000000000
000000000000000000000000000000
000000000000000000000000000000
000000000010100010011010000000
000000001000011111000100000000
000000000110101111100001000000
000000000001111111001000000000
000000001001111111101001000000
000000001011111111110110000000
000000000001000111011010000000
000000000100110111010000000000
000000000000000111010000000000
000000000000000111010000000000
000000000000000111010000000000
000000000000000111010000000000
000000000000000111010000000000
000000000000000111010000000000
000000000000000111010000000000
000000000000000111010000000000
000000000100100111000101000000
000000001001011011001010000000
000000000010100001000000000000
000000000101010000100110000000
000000000100101100000011000000
000000000010011010001101000000
