000000000000000000000000000000
000000000000000000000000000000
000000000000000000000000000000
000000000000000000000000000000
000000000000000000000000000000
000000000000000000000000000000
000000000000000000000000000000
000000000000000000000000000000
000000001000101000000000000000
000000000000101000000000000000
000000001011001000000000000000
000000000101010000000000000000
000000000010011100000000000000
000000001101111100000000000000
000000000001111100000000000000
000000000011111100000000000000
000000000011111100000000000000
000000001000011100000000000000
000000000101111100000000000000
000000001000011100000000000000
000000000011111100000000000000
000000000010011100000000000000
000000000101011100000000000000
000000000010011100000000000000
000000000100011100000000000000
000000000110001000000000000000
000000001000000100000000000000
000000000101101000000000000000
000000001010010000000000000000
000000001010010000000000000000
