000000000000000000000000000000
000000000000000000000000000000
000000000000000000000000000000
000000000000000000000000000000
000000000000000000000000000000
000000000000000000000000000000
000000000000000000000000000000
000000000000000000000000000000
000000000000010100000000000000
000000000100100000000000000000
000000000010010100000000000000
000000001100010100000000000000
000000000011000100000000000000
000000001011001000000000000000
000000000100010100000000000000
000000001011110000000000000000
000000000111100000000000000000
000000001111110100000000000000
000000000111100000000000000000
000000001011110000000000000000
000000000111110100000000000000
000000001011101000000000000000
000000000011101100000000000000
000000001011100000000000000000
000000000011010000000000000000
000000001010101000000000000000
000000000001100100000000000000
000000000100110000000000000000
000000001011000100000000000000
000000000100001000000000000000
