000000000000000000000000000000
000000000000000000000000000000
000000000000000000000000000000
000000000000000000000000000000
000000000000000000000000000000
000000000000000000000000000000
000000000000000000000000000000
000000000000000000000000000000
000000000110001010100001000000
000000000001100111100110000000
000000000100011111001101000000
000000000001111111001001000000
000000001110011111101011000000
000000000100100111010110000000
000000001010001111100010000000
000000000010100111010100000000
000000000100101111000010000000
000000000011001111011101000000
000000000100110111100001000000
000000001110100111010010000000
000000001001010111101011000000
000000000010011111001001000000
000000001001100011010110000000
000000000111001000101000000000
000000000000000000000000000000
000000000000000000000000000000
000000000000000000000000000000
000000000000000000000000000000
000000000000000000000000000000
000000000000000000000000000000
