000000000000000000000000000000
000000000000000000000000000000
000000000000000000000000000000
000000000000000000000000000000
000000000000000000000000000000
000000000000000000000000000000
000000000000000000000000000000
000000000000000000000000000000
000000000100110100000000000000
000000001001001100000000000000
000000001100001000000000000000
000000000011000100000000000000
000000000100111000000000000000
000000000101100100000000000000
000000001010101000000000000000
000000000111101000000000000000
000000000111110100000000000000
000000000111111000000000000000
000000001111100100000000000000
000000001111110000000000000000
000000000011111000000000000000
000000000011100000000000000000
000000001011101100000000000000
000000000011110000000000000000
000000000011110000000000000000
000000001111001100000000000000
000000000000110000000000000000
000000000011010100000000000000
000000001100110000000000000000
000000000010100100000000000000
