000000000000000000000000000000
000000000000000000000000000000
000000000000000000000000000000
000000000000000000000000000000
000000000000000000000000000000
000000000000000000000000000000
000000000000000000000000000000
000000000000000000000000000000
000000001101000100000000000000
000000000010010000000000000000
000000000001010000000000000000
000000000110010100000000000000
000000000100100100000000000000
000000000101011100000000000000
000000001010010000000000000000
000000000110110100000000000000
000000000010111100000000000000
000000001001111000000000000000
000000000101111100000000000000
000000000011111000000000000000
000000000010111000000000000000
000000001010111000000000000000
000000000000111100000000000000
000000000010111000000000000000
000000000110110100000000000000
000000001010010000000000000000
000000000101011100000000000000
000000000100100100000000000000
000000000110010100000000000000
000000000001010000000000000000
