000000000000000000000000000000
000000000000000000000000000000
000000000000000000000000000000
000000000000000000000000000000
000000000000000000000000000000
000000000000000000000000000000
000000000000000000000000000000
000000000000000000000000000000
000000001101101100000000000000
000000001010010100000000000000
000000001000000100000000000000
000000001010010100000000000000
000000000101101000000000000000
000000000000000000000000000000
000000001011110100000000000000
000000000011110000000000000000
000000000111110100000000000000
000000000111111000000000000000
000000001001111100000000000000
000000000101111000000000000000
000000001001110100000000000000
000000001001111000000000000000
000000000111110100000000000000
000000001001101000000000000000
000000000000000000000000000000
000000000000000000000000000000
000000000000000000000000000000
000000000000000000000000000000
000000000000000000000000000000
000000000000000000000000000000
