000000000100101011010010000000
000000000010000101001001000000
000000001100010001101110000000
000000000010101101110000000000
000000000011010111110011000000
000000001001001111111000000000
000000000100111111110000000000
000000001011111111110110000000
000000001001111101110000000000
000000000100011001110000000000
000000001010101001110000000000
000000000000010001110000000000
000000001110001001110000000000
000000000010100101110000000000
000000000001010001110000000000
000000000110100101110000000000
000000000000000001110000000000
000000000000000001110000000000
000000000000000001110000000000
000000000000000001110000000000
000000000000000001110000000000
000000000000000001110000000000
000000000000000001110000000000
000000000000000001110000000000
000000000000000011110010000000
000000000000000010100110000000
000000000000000001011000000000
000000000000000010101001000000
000000000000000000010110000000
000000000000000001001001000000
