000000001011000010100010000000
000000000100110001010101000000
000000000100010100100010000000
000000000000001111111001000000
000000001000100011110010000000
000000000011010111111001000000
000000000100111111110000000000
000000000011011111110101000000
000000000011001101110000000000
000000001000000001110000000000
000000000010101101110000000000
000000000100100001110000000000
000000000100010101110000000000
000000001010001001110000000000
000000000011010101110000000000
000000000100001001110000000000
000000000000000001110000000000
000000000000000001110000000000
000000000000000001110000000000
000000000000000001110000000000
000000000000000001110000000000
000000000000000001110000000000
000000000000000001110000000000
000000000000000001110000000000
000000000000000000101001000000
000000000000000010101111000000
000000000000000001100100000000
000000000000000000010101000000
000000000000000010100110000000
000000000000000001011000000000
