000000001000010110011010000000
000000000010001001011101000000
000000001100100100111111000000
000000001001010011111100000000
000000001000000111111101000000
000000001010111111111110000000
000000000010000110111100000000
000000000000110001011110000000
000000000000000000011100000000
000000000000000000011100000000
000000000000000000011100000000
000000000000000000011100000000
000000000000000000011100000000
000000000000000000011100000000
000000000000000000011100000000
000000000000000000011100000000
000000000000000001011100000000
000000000000000010111100000000
000000000000000000011101000000
000000000000000000111100000000
000000000000000010011101000000
000000000000000001001010000000
000000000000000000110010000000
000000000000000010010100000000
000000000000000000000000000000
000000000000000000000000000000
000000000000000000000000000000
000000000000000000000000000000
000000000000000000000000000000
000000000000000000000000000000
