000000000110010010100110000000
000000000001001001011000000000
000000001010100101001010000000
000000000100010001111101000000
000000000011110101001010000000
000000001000101010111101000000
000000000101001111010010000000
000000001011001111010101000000
000000000101111111000000000000
000000001111111111000000000000
000000000001111111000000000000
000000000111000111000000000000
000000000000110111000000000000
000000001010001111000000000000
000000000001000111000000000000
000000000100010111000000000000
000000000000000111000000000000
000000000000000111000000000000
000000000000000111000000000000
000000000000000111000000000000
000000000000000111000000000000
000000000000000111000000000000
000000000000000111000000000000
000000000000000111000000000000
000000000110110111001101000000
000000001001001011001010000000
000000000110000101010001000000
000000000101010010111100000000
000000001100100100100010000000
000000000010011010010101000000
