000000000000000000000000000000
000000000000000000000000000000
000000000000000000000000000000
000000000000000000000000000000
000000000000000000000000000000
000000000000000000000000000000
000000000000000000000000000000
000000000000000000000000000000
000000000110101000000000000000
000000001000011100000000000000
000000001011000000000000000000
000000000100011100000000000000
000000000111111100000000000000
000000001001111100000000000000
000000001011111100000000000000
000000000101111100000000000000
000000000000011100000000000000
000000000000011100000000000000
000000000000011100000000000000
000000000000011100000000000000
000000000000011100000000000000
000000000000011100000000000000
000000000000011100000000000000
000000000000011100000000000000
000000000010101100000000000000
000000000101011000000000000000
000000000110000000000000000000
000000001100010100000000000000
000000000011011000000000000000
000000001010000100000000000000
