000000000000000000000000000000
000000000000000000000000000000
000000000000000000000000000000
000000000000000000000000000000
000000000000000000000000000000
000000000000000000000000000000
000000000000000000000000000000
000000000000000000000000000000
000000001010001010000010000000
000000000000101110010011000000
000000000111010111010010000000
000000000010011111100101000000
000000001000011111100100000000
000000000100111111011001000000
000000001011111111100011000000
000000000100011111011100000000
000000000100100111010000000000
000000000010011111011011000000
000000001101100111110110000000
000000000011010111101001000000
000000001010100111001000000000
000000001000001111100001000000
000000000110100111000100000000
000000000010001010011010000000
000000000000000000000000000000
000000000000000000000000000000
000000000000000000000000000000
000000000000000000000000000000
000000000000000000000000000000
000000000000000000000000000000
