000000000000000000000000000000
000000000000000000000000000000
000000000000000000000000000000
000000000000000000000000000000
000000000000000000000000000000
000000000000000000000000000000
000000000000000000000000000000
000000000000000000000000000000
000000001000011000000000000000
000000000011100100000000000000
000000001000001000000000000000
000000000101001000000000000000
000000000000110000000000000000
000000001011010000000000000000
000000000010111000000000000000
000000000101111000000000000000
000000001001111000000000000000
000000000010111000000000000000
000000001100111100000000000000
000000000100111000000000000000
000000000100111000000000000000
000000001011111100000000000000
000000000001011100000000000000
000000000100110000000000000000
000000000000000000000000000000
000000000000000000000000000000
000000000000000000000000000000
000000000000000000000000000000
000000000000000000000000000000
000000000000000000000000000000
