000000000101010101001010000000
000000001010001001000101000000
000000001100110100110000000000
000000000101001001111110000000
000000001100000111111011000000
000000000010011111111000000000
000000001001111111111101000000
000000000110011110111010000000
000000000110001000111000000000
000000001000110100111000000000
000000000110001000111000000000
000000001001001000111000000000
000000000010011000111000000000
000000000101010000111000000000
000000001100100000111000000000
000000000001101000111000000000
000000000000000000111000000000
000000000000000000111000000000
000000000000000000111000000000
000000000000000000111000000000
000000000000000000111000000000
000000000000000000111000000000
000000000000000000111000000000
000000000000000000111000000000
000000000000000011011000000000
000000000000000000100110000000
000000000000000010001001000000
000000000000000001110010000000
000000000000000000110101000000
000000000000000011001101000000
