000000001010100111010100000000
000000000010101001010010000000
000000000101110110001010000000
000000001011001000000100000000
000000001101101001011001000000
000000000110000011101000000000
000000001001111111110010000000
000000000101001111101001000000
000000001010011111100000000000
000000000000111111100000000000
000000000000011111100000000000
000000001010001011100000000000
000000000101000111100000000000
000000001010011011100000000000
000000000101001011100000000000
000000000100101011100000000000
000000000000000011110101000000
000000000000000011101011000000
000000000000000011110110000000
000000000000000011110001000000
000000000000000011111010000000
000000000000000011100001000000
000000000000000001001101000000
000000000000000010100000000000
000000000000000000000000000000
000000000000000000000000000000
000000000000000000000000000000
000000000000000000000000000000
000000000000000000000000000000
000000000000000000000000000000
