000000000000000000000000000000
000000000000000000000000000000
000000000000000000000000000000
000000000000000000000000000000
000000000000000000000000000000
000000000000000000000000000000
000000000000000000000000000000
000000000000000000000000000000
000000001100010110011010000000
000000000101110001000111000000
000000001100100010101010000000
000000000001000110000001000000
000000001011011111001000000000
000000000100111111000010000000
000000001010111111100000000000
000000000001001111101100000000
000000000100000111010000000000
000000000100000111010000000000
000000000100000111010000000000
000000000100000111010000000000
000000000100000111010000000000
000000000100000111010000000000
000000000100000111010000000000
000000000100000111010000000000
000000000011000111100100000000
000000000110011110000111000000
000000000100100000111001000000
000000000001011101001001000000
000000001010100010100110000000
000000001010011101000001000000
