000000001010010000010000000000
000000001001001110100010000000
000000000101100000010100000000
000000000100010000010010000000
000000001010010111001100000000
000000000011001110100001000000
000000001011011111001110000000
000000000001111111000001000000
000000000011111110000100000000
000000000111111110000100000000
000000000001101110000100000000
000000001100001110000100000000
000000001011011110000100000000
000000000110011110000100000000
000000000000001110000100000000
000000001001001110000100000000
000000001001011110010001000000
000000000101011111001100000000
000000001010011110110010000000
000000000101001111010100000000
000000001100111111001001000000
000000000001001110000111000000
000000000110101110010001000000
000000000100010100000110000000
000000000000000000000000000000
000000000000000000000000000000
000000000000000000000000000000
000000000000000000000000000000
000000000000000000000000000000
000000000000000000000000000000
