000000000000000000000000000000
000000000000000000000000000000
000000000000000000000000000000
000000000000000000000000000000
000000000000000000000000000000
000000000000000000000000000000
000000000000000000000000000000
000000000000000000000000000000
000000001000100100000000000000
000000000110001000000000000000
000000001001001000000000000000
000000000010110000000000000000
000000001111111100000000000000
000000000011111000000000000000
000000000111111100000000000000
000000001011111000000000000000
000000000000111000000000000000
000000000000111000000000000000
000000000000111000000000000000
000000000000111000000000000000
000000000000111000000000000000
000000000000111000000000000000
000000000000111000000000000000
000000000000111000000000000000
000000001000010000000000000000
000000000001101100000000000000
000000001011001000000000000000
000000000000101100000000000000
000000000110010000000000000000
000000000001101000000000000000
