000000001110000110000111000000
000000000101010000101010000000
000000001011010110101101000000
000000000110001001000110000000
000000000010010110100100000000
000000001000001111000001000000
000000000101001111001010000000
000000001011001111001101000000
000000001101111111010000000000
000000000101111111010000000000
000000001010011111010000000000
000000000010100111010000000000
000000000101000111010000000000
000000001000011111010000000000
000000000100010111010000000000
000000001011001111010000000000
000000001001101111100110000000
000000000110000111001001000000
000000001001000111011010000000
000000001111010111000001000000
000000000000101111110101000000
000000001100011111101000000000
000000001010010000010101000000
000000000101100110000100000000
000000000000000000000000000000
000000000000000000000000000000
000000000000000000000000000000
000000000000000000000000000000
000000000000000000000000000000
000000000000000000000000000000
