000000000100000100101100000000
000000000100111000100011000000
000000001001100111111100000000
000000001010010011110100000000
000000000001101111111000000000
000000000110111111110110000000
000000000010111111110100000000
000000000001011001111001000000
000000000000000001110100000000
000000000000000001110100000000
000000000000000001110100000000
000000000000000001110100000000
000000000000000001110100000000
000000000000000001110100000000
000000000000000001110100000000
000000000000000001110100000000
000000000000000001111001000000
000000000000000011110111000000
000000000000000001110000000000
000000000000000001111010000000
000000000000000001110101000000
000000000000000011111100000000
000000000000000010110011000000
000000000000000001000010000000
000000000000000000000000000000
000000000000000000000000000000
000000000000000000000000000000
000000000000000000000000000000
000000000000000000000000000000
000000000000000000000000000000
