000000000000000000000000000000
000000000000000000000000000000
000000000000000000000000000000
000000000000000000000000000000
000000000000000000000000000000
000000000000000000000000000000
000000000000000000000000000000
000000000000000000000000000000
000000000101001110001001000000
000000001001110101011010000000
000000000010001111110011000000
000000001101011110011010000000
000000000010111111100011000000
000000001101111110101000000000
000000000000111110010100000000
000000000100101110101010000000
000000000000001110000000000000
000000000000001110000000000000
000000000000001110000000000000
000000000000001110000000000000
000000000000001110000000000000
000000000000001110000000000000
000000000000001110000000000000
000000000000001110000000000000
000000001010101111001100000000
000000000110100100011001000000
000000001000001010110110000000
000000000001000100101010000000
000000000100100010010010000000
000000001010100100100101000000
