000000001010010001010010000000
000000000100100100100100000000
000000000011100110001001000000
000000000000100110100110000000
000000001001011111010010000000
000000000010011111001100000000
000000001111111111010100000000
000000000001111111001000000000
000000000100110111000000000000
000000000011000111000000000000
000000001000010111000000000000
000000000111101111000000000000
000000001000010111000000000000
000000000001001111000000000000
000000000001101111000000000000
000000000100100111000000000000
000000000001101111100010000000
000000001100001111001010000000
000000000101101111110010000000
000000000110101111101100000000
000000001000110111001101000000
000000000011000111100010000000
000000001100100010011001000000
000000001001001010100101000000
000000000000000000000000000000
000000000000000000000000000000
000000000000000000000000000000
000000000000000000000000000000
000000000000000000000000000000
000000000000000000000000000000
