000000000000000000000000000000
000000000000000000000000000000
000000000000000000000000000000
000000000000000000000000000000
000000000000000000000000000000
000000000000000000000000000000
000000000000000000000000000000
000000000000000000000000000000
000000000110000100000000000000
000000001000111000000000000000
000000001010001000000000000000
000000000100111000000000000000
000000000111000000000000000000
000000000111111000000000000000
000000001111110100000000000000
000000000111101000000000000000
000000000111100000000000000000
000000001011111100000000000000
000000000111110000000000000000
000000000011101000000000000000
000000000011100000000000000000
000000000101100100000000000000
000000000001110000000000000000
000000001010001000000000000000
000000000000000000000000000000
000000000000000000000000000000
000000000000000000000000000000
000000000000000000000000000000
000000000000000000000000000000
000000000000000000000000000000
