000000000000000000000000000000
000000000000000000000000000000
000000000000000000000000000000
000000000000000000000000000000
000000000000000000000000000000
000000000000000000000000000000
000000000000000000000000000000
000000000000000000000000000000
000000000100110110100110000000
000000001011110000110000000000
000000000111111111001100000000
000000000111111110001001000000
000000001111011111101000000000
000000001111101110000101000000
000000001101011111101010000000
000000000100111101000100000000
000000001001111101100001000000
000000000101111001010100000000
000000000111111010000101000000
000000001111100110101001000000
000000001111111111000000000000
000000001111111111110100000000
000000001111111110010010000000
000000000110100100100101000000
000000000000000000000000000000
000000000000000000000000000000
000000000000000000000000000000
000000000000000000000000000000
000000000000000000000000000000
000000000000000000000000000000
