000000000010101010010100100100
000000000100000101010011010010
000000001011101001010000001001
000000000000000011111110110110
000000000100101111111110001000
000000001011011111111111110001
000000000010111110101111010100
000000000100111101010111101101
000000000001111001001111100010
000000000110010010010011100101
000000001001000100100111010011
000000001000001010101111111101
000000000110100001011111000000
000000000101001010111111001110
000000000010110100111100100010
000000000100000001111001001010
000000000101110011110000000100
000000001000101111110110010100
000000000100101111001001010110
000000000110011110010110100101
000000001100111111111111111010
000000000101111111111111110010
000000001010111111111111101101
000000000101010100100000010011
000000000000000000000000000000
000000000000000000000000000000
000000000000000000000000000000
000000000000000000000000000000
000000000000000000000000000000
000000000000000000000000000000
