000000000000000000000000000000
000000000000000000000000000000
000000000000000000000000000000
000000000000000000000000000000
000000000000000000000000000000
000000000000000000000000000000
000000000000000000000000000000
000000000000000000000000000000
000000000000000000000000000000
000000000000000000000000000000
000000000000000000000000000000
000000000000000000000000000000
000000000000000000000000000000
000000000000000000000000000000
000000000000000000000000000000
000000000000000000000000000000
000000001001110000000000000000
000000000011111100000000000000
000000000111111100000000000000
000000000111011100000000000000
000000001010111100000000000000
000000000111111000000000000000
000000001011111100000000000000
000000000111111000000000000000
000000000111111100000000000000
000000001011111000000000000000
000000000100001000000000000000
000000001000110100000000000000
000000001010100000000000000000
000000000100100100000000000000
