000000000100101001010010000000
000000000010000000000100000000
000000001101110110111011000000
000000000000001001000000000000
000000001011001001001101000000
000000000100101001010010000000
000000000010100110010100000000
000000001011011111101101000000
000000000001111111111101000000
000000000101111111110010000000
000000001001111000111011000000
000000001111111010111110000000
000000000001110010111101000000
000000000111001011111010000000
000000000010010011110100000000
000000000100100111101010000000
000000000101001111000101000000
000000001000011110100110000000
000000000100111101001001000000
000000001011111010100110000000
000000000111111111111101000000
000000001111111111111110000000
000000000011111111111101000000
000000001001001000010010000000
000000000000000000000000000000
000000000000000000000000000000
000000000000000000000000000000
000000000000000000000000000000
000000000000000000000000000000
000000000000000000000000000000
