000000000000000000000000000000
000000000000000000000000000000
000000000000000000000000000000
000000000000000000000000000000
000000000000000000000000000000
000000000000000000000000000000
000000000000000000000000000000
000000000000000000000000000000
000000000100001000000000000000
000000000000010000000000000000
000000001010001100000000000000
000000000010100000000000000000
000000000100000100000000000000
000000001011001000000000000000
000000000111001000000000000000
000000001111110000000000000000
011001011111110000000000000000
100100111101111100000000000000
010000101011110000000000000000
001101000111101000000000000000
011000011111100100000000000000
010111111111110000000000000000
101010011111110100000000000000
010100001111101000000000000000
000000000000000000000000000000
000000000000000000000000000000
000000000000000000000000000000
000000000000000000000000000000
000000000000000000000000000000
000000000000000000000000000000
