000000001010010010101101000000
000000001000000101000110000000
000000000010011010111001000000
000000000100101011010110000000
000000001001001001101011000000
000000000010000010110000000000
000000000001011000001000000000
000000000100100111100011000000
000000000100111111111101000000
000000001011111111111100000000
000000000101111100011111000000
000000000110111001011111000000
000000001001010010011110000000
000000000001011000111101000000
000000000100101110111110000000
000000000010110001111110000000
000000000010000101111100000000
000000000010110111111001000000
000000001101001111000010000000
000000001001101111110000000000
000000001000111111001011000000
000000000111111111111100000000
000000001011111111111111000000
000000000100111111111100000000
000000000000000000000000000000
000000000000000000000000000000
000000000000000000000000000000
000000000000000000000000000000
000000000000000000000000000000
000000000000000000000000000000
