000000000001001000010010000000
000000000100010110011010000000
000000001101100101100100000000
000000000010010010011010000000
000000001100000110101010000000
000000001011011111001010000000
000000000101111111111000000000
000000001011111111110110000000
000000001011101001111010000000
000000000111110101111001000000
000000001011010010111100000000
000000000100000101111011000000
000000000111100101111001000000
000000001010011011100110000000
000000000001100111111000000000
000000000000111111100101000000
000000000110111100101001000000
000000001001111110010110000000
000000000111111100000001000000
000000000111111111111100000000
000000000111111111111010000000
000000001011111111110101000000
000000000010100101011010000000
000000000100010001001101000000
000000000000000000000000000000
000000000000000000000000000000
000000000000000000000000000000
000000000000000000000000000000
000000000000000000000000000000
000000000000000000000000000000
