000000001001000110000001100010
000000000101100100100100100110
000000001010100011111111000101
000000000011011111111111111011
000000000010001111111111110001
000000001101111111000011111110
000000000100011100111100111000
000000000100011110000001111000
000000000110111101010010111100
000000000001001101101101111011
000000000100101001011001111000
000000000001100101000101111110
000000000100101101000111110100
000000001011010100111111110011
000000000010001000101111000101
000000000000001010011110110000
000000001011011000111101010010
000000000001101011111110001000
000000001110100011111010100100
000000000001010111110101111010
000000001110001111001101011000
000000001001111110110010011011
000000000110111111111111111000
000000001001111111111111111110
000000000110011111111111111001
000000000001100000000000000110
000000000100010000000000001000
000000001011100000000000000111
000000000100000100000000100000
000000001100111100000000111100
