000000000000000000000000000000
000000000000000000000000000000
000000000000000000000000000000
000000000000000000000000000000
000000000000000000000000000000
000000000000000000000000000000
000000000000000000000000000000
000000000000000000000000000000
000000000100000000000000000000
000000000001101000000000000000
000000001111001100000000000000
000000000010110000000000000000
000000000101010100000000000000
000000000100100000000000000000
000000001011101000000000000000
000000000111111100000000000000
000000001111111000000000000000
000000001110111000000000000000
000000000111111100000000000000
000000001011110000000000000000
000000000111110100000000000000
000000001111110000000000000000
000000001111111100000000000000
000000000111111000000000000000
000000000000000000000000000000
000000000000000000000000000000
000000000000000000000000000000
000000000000000000000000000000
000000000000000000000000000000
000000000000000000000000000000
