000000001001010101001010000000
000000000100111111111001000000
000000001010111111111010000000
000000000011111111111111000000
000000001011110000011110000000
000000001011101001011111000000
000000000111100010000111000000
000000001011001001010111000000
000000001100100100101111000000
000000000001010110001110000000
000000000110001010011110000000
000000001100101100111100000000
000000000010110101111101000000
000000001000001111111000000000
000000001001000111111010000000
000000000101001111100001000000
000000000101011111000010000011
000000000101111110101101011100
000000000011111101000001010010
000000000111111110110100101011
000000001111111111111111010000
000000000111111111111111100011
000000000011111111111111010000
000000000100000000010010100101
000000000000000000000000000000
000000000000000000000000000000
000000000000000000000000000000
000000000000000000000000000000
000000000000000000000000000000
000000000000000000000000000000
