000000000100011000101001000000
000000001010010110011110000000
000000000100100000000001000000
000000000011011011001100000000
000000001101111111011010000000
000000000111111111110000000000
000000000011111111111010000000
000000001111100001111100000000
000000000111000001111010000000
000000000010010100111010000000
000000000011001111111101000000
000000000100101011110001000000
000000000011011111110001000000
000000001000100111101100000000
000000000101011110110001000000
000000001001011101001010000000
000000000010111010100110000000
000000000101111101001000000000
000000001011110010111011000000
000000001111111111110100000000
000000001111111111111111000000
000000001111111111110100000000
000000001010011001000010000000
000000001001010001101001000000
000000000000000000000000000000
000000000000000000000000000000
000000000000000000000000000000
000000000000000000000000000000
000000000000000000000000000000
000000000000000000000000000000
