000000000000000000000000000000
000000000000000000000000000000
000000000000000000000000000000
000000000000000000000000000000
000000000000000000000000000000
000000000000000000000000000000
000000000000000000000000000000
000000000000000000000000000000
000000001000010101010100000000
000000000010110110001001000000
000000000100111111110000000000
000000000011111111100111000000
000000000111111111110100000000
000000001011110011110010000000
000000001111001001111000000000
000000000011010011110010000000
000000000010010011101000000000
000000000010100111100001000000
000000000100001111100110000000
000000000010011111001001000000
000000001101111111101100000000
000000001001111100000011000000
000000000011111110110100000000
000000001111111111101010000000
000000001111111111111010000000
000000000111111111100010000000
000000000001010000100110000000
000000001100101011011001000000
000000000001011000000011000000
000000001000001101001010000000
