000000000000000000000000000000
000000000000000000000000000000
000000000000000000000000000000
000000000000000000000000000000
000000000000000000000000000000
000000000000000000000000000000
000000000000000000000000000000
000000000000000000000000000000
000000000101101000100010000000
000000000101000110011000000000
000000001010110000100010000000
000000000010000101010010000000
000000001001111001000101000000
000000000001011110110000000000
000000000101111111101011000000
000000000001111111100100000000
000000001001110011101010000000
000000000101111111110110000000
000000000101111111101001000000
000000000000100111100101000000
000000001001011111011000000000
000000000000011110100100000000
000000001111111110000100000000
000000000001111111100100000000
000000001011111111111100000000
000000000101111111111001000000
000000000010100000000100000000
000000001100101011100010000000
000000000011011000001101000000
000000001101100011100110000000
