000000000000000000000000000000
000000000000000000000000000000
000000000000000000000000000000
000000000000000000000000000000
000000000000000000000000000000
000000000000000000000000000000
000000000000000000000000000000
000000000000000000000000000000
000000001011100011001101000000
000000000100100100001000000000
000000000110010011110010000000
000000001001010100011100000000
000000000101000010110001000000
000000001011111100001010000000
000000000001111110010101000000
000000001011111111001010000000
000000001011101111010100000000
000000001001111111101101000000
000000000110011100110010000000
000000000111111010001001000000
000000001011111111000100000000
000000001011111111011010000000
000000000011111111010000000000
000000000110000101001000000000
000000000000000000000000000000
000000000000000000000000000000
000000000000000000000000000000
000000000000000000000000000000
000000000000000000000000000000
000000000000000000000000000000
