000000001001000110010010000000
000000000110111001000100000000
000000001001000100011000000000
000000000100111000100101000000
000000001101000110101000000000
000000000110101111111101000000
000000001001011111111110000000
000000000100111111111111000000
000000001011111000100111101011
000000001000111011010111100100
000000000100111101001011101001
000000000001110010110111111010
000000001010001100100111110000
000000000101010001000111001010
000000001010110001011110111000
000000000010101010111111001010
000000001001101010111101010010
000000001010010101111100000011
000000000111011011110010001100
000000001000100111110010110010
000000000101001111100101001001
000000000000011110010001110100
000000001011111101010110101001
000000000111111111111111110101
000000000101111111111111110010
000000000100111111111111111100
000000001011010000000000100001
000000000110101000000000011000
000000000001110100000000010010
000000001100110000000000001100
