000000000000100100010100000000
000000000100101011011011000000
000000001001000101010010000000
000000001000011010101101000000
000000000101000000011100000000
000000001010011111100001000000
000000000011111111100110000000
000000001011111111111100000000
000000001011110111111010000000
000000000111101000111100000000
000000000101010101111010000000
000000001011001011110100000000
000000000010100101110100000000
000000001101000111100101000000
000000000111001111101000000000
000000001000111110010110000000
000000001010111111000100000000
000000000110111101010000000000
000000001011111010101001000000
000000000111111111110010000000
000000000111111111111000000000
000000001011111111110101000000
000000000110100101010010000000
000000001001001001001001000000
000000000000000000000000000000
000000000000000000000000000000
000000000000000000000000000000
000000000000000000000000000000
000000000000000000000000000000
000000000000000000000000000000
