000000000101100001001000000000
000000000101010110010010000000
000000000100001001100111000000
000000001001110101111000000000
000000001010000000000110000000
000000000001001101011010000000
000000000101111110100010000000
000000001011111111100101000000
000000000111111111101110000000
000000000111101111111001000000
000000000111010001110010000000
000000001111110011110100000000
000000000010001001111011000000
000000000100110011110101000000
000000000001001111101010000000
000000001000101111100010000000
000000001011011111000010000000
000000000000111110001101000000
000000001011111101101000000000
000000000011111110110010000000
000000001111110010010100000000
000000001111111111111110000000
000000001111111111111010000000
000000000111111111110001000000
000000000000000000000000000000
000000000000000000000000000000
000000000000000000000000000000
000000000000000000000000000000
000000000000000000000000000000
000000000000000000000000000000
