000000000000000000000000000000
000000000000000000000000000000
000000000000000000000000000000
000000000000000000000000000000
000000000000000000000000000000
000000000000000000000000000000
000000000000000000000000000000
000000000000000000000000000000
000000000011010100000000000000
000000000010101000000000000000
000000001001100000000000000000
000000000110010000000000000000
000000001001010000000000000000
000000001001001000000000000000
000000000101110000000000000000
000000000111111100000000000000
000000000111111100000000000000
000000000111111100000000000000
000000001111011100000000000000
000000000011111100000000000000
000000001101111100000000000000
000000000011111100000000000000
000000001111111000000000000000
000000001111111100000000000000
000000001111111110010010000000
000000000111111101001001000000
000000000010101110100100000000
000000001011110000101010000000
000000001000001010010001000000
000000000101011000100100000000
