000000001000011111100101000000
000000000111111111111000000000
000000000101111111111110000000
000000000011110010111111000000
000000000011110100001110000000
000000000111101001110111000000
000000001001100110010111000000
000000000110000001011111000000
000000001000010001111110000000
000000000100000110011111000000
000000000101001000111100000000
000000001000010001111010000000
000000000011101111111111000000
000000001101100111110010000000
000000000011011111111100000000
000000000101011111100001000000
000000000100111110101101000000
000000001101111101000101000000
000000000111111010101000000000
000000001111111111111110000000
000000000111111111111111000000
000000000111111111111110000000
000000000000011101110010000000
000000000110010000010010000000
000000000000000000000000000000
000000000000000000000000000000
000000000000000000000000000000
000000000000000000000000000000
000000000000000000000000000000
000000000000000000000000000000
