000000000010001001010110000000
000000000010100001011001000000
000000001000100110000110000000
000000000110010000111010000000
000000001010011111101101000000
000000001101111111111001000000
000000000011111111111100000000
000000000101111000011110000000
000000000011110100001111000000
000000000111101010101111000000
000000000101010111011110000000
000000001001010000011101000000
000000000010101101111110000000
000000000100110001111001000000
000000001110001001111100000000
000000000010010011110010000000
000000000010000111100010000000
000000001101101111001000000000
000000000010011111100100000000
000000001110111110011001000000
000000000001111111100101000000
000000001011111111111110000000
000000000111111111111111000000
000000000111111111111110000000
000000000000000000000000000000
000000000000000000000000000000
000000000000000000000000000000
000000000000000000000000000000
000000000000000000000000000000
000000000000000000000000000000
