000000001011001001001101000000
000000000101110000111010000000
000000001010001111000101000000
000000000011110000111100000000
000000001000011001100001000000
000000000101000110001010000000
000000001010010000100101000000
000000000001011111101000000000
000000000000111111110010000000
000000000111111111111010000000
000000001001110101111100000000
000000001001111001011101000000
000000001100100010111110000000
000000000010101101111110000000
000000000100001001111001000000
000000001010001001111011000000
000000000001000111100101000000
000000000110110111110010000000
000000000101001110001000000000
000000000000011101100101000000
000000001101111110001000000000
000000000011111111111100000000
000000001111111111111110000000
000000000111111111111001000000
000000000000000000000000000000
000000000000000000000000000000
000000000000000000000000000000
000000000000000000000000000000
000000000000000000000000000000
000000000000000000000000000000
