000000000001011001111110100011
000000001010100111111111010000
000000000010011111111111100101
000000001101011111001111111000
000000000000011101001011111111
000000000101011110100111111000
000000001000111100010001111011
000000001011011011000101110100
000000000000000010010111110001
000000000000000010010011101010
000000000000000001000111110000
000000000000000001001111000101
000000000000000010111111011110
000000000000000010111110010000
000000000000000001111001001011
000000000000000011111110100000
000000001001001111101001101001
000000000100101111000100000010
000000001010011110010011010101
000000000100111111111111111010
000000001001111111111111111000
000000000111011111111111111100
000000001000010110000100000111
000000000100100001110001010010
000000000000000000000000000000
000000000000000000000000000000
000000000000000000000000000000
000000000000000000000000000000
000000000000000000000000000000
000000000000000000000000000000
