000000000000010100101010000000
000000000110100111000001000000
000000001010011001010000000000
000000000011000011001000000000
000000000100000100000000000000
000000000001111111111101000000
000000001001111111111000000000
000000000001111111111001000000
000000000101110000111100000000
000000001011111100011110000000
000000000000110001111100000000
000000000111000110111111000000
000000000101101010111000000000
000000001010000101110011000000
000000000101101011111100000000
000000001011010111100010000000
000000001010101111010010000000
000000000000011111010100000000
000000000111111110101011000000
000000000011111111111100000000
000000000111111111111111000000
000000000101111111111110000000
000000001000010000010111000000
000000000110010101001000000000
000000000000000000000000000000
000000000000000000000000000000
000000000000000000000000000000
000000000000000000000000000000
000000000000000000000000000000
000000000000000000000000000000
