000000000000000000000000000000
000000000000000000000000000000
000000000000000000000000000000
000000000000000000000000000000
000000000000000000000000000000
000000000000000000000000000000
000000000000000000000000000000
000000000000000000000000000000
000000000100001000000000000000
000000001000000100000000000000
000000000110011000000000000000
000000001000000100000000000000
000000000101101000000000000000
000000000100001000000000000000
000000000011110000000000000000
000000000111111000000000000000
000000000111111000000000000000
000000001011110000000000000000
000000000011111000000000000000
000000000001111000000000000000
000000000110111000000000000000
000000001111111000000000000000
000000001111111000000000000000
000000001111110000000000000000
000000000000000000000000000000
000000000000000000000000000000
000000000000000000000000000000
000000000000000000000000000000
000000000000000000000000000000
000000000000000000000000000000
