000000000000000000000000000000
000000000000000000000000000000
000000000000000000000000000000
000000000000000000000000000000
000000000000000000000000000000
000000000000000000000000000000
000000000000000000000000000000
000000000000000000000000000000
000000001010010010010000000000
000000000101100101011000000000
000000000010000000000010000000
000000000001111110110100000000
000000001011111101001010000000
000000000111111111111000000000
000000000011111110100011000000
000000000111111101101000000000
000000000110111110110010000000
000000000101111111001000000000
000000001000111110101100000000
000000000011011111000001000000
000000001000000111101011000000
000000000100011111010101000000
000000001111101111000100000000
000000001111111111010010000000
000000001111111100000000000000
000000001011111000000000000000
000000000101001000000000000000
000000000100110100000000000000
000000000100101000000000000000
000000001000001100000000000000
