000000000000000000000000000000
000000000000000000000000000000
000000000000000000000000000000
000000000000000000000000000000
000000000000000000000000000000
000000000000000000000000000000
000000000000000000000000000000
000000000000000000000000000000
000000000010001000110110000000
000000000101111111111000000000
000000001010111111111111000000
000000001000111111111100000000
000000000100110101111010000000
000000000011000011110001000000
000000000110111011101100000000
000000000001000111111000000000
000000001000001011111100000000
000000001011100111111110000000
000000000100010000011110000000
000000000010100101011100000000
000000001001110001011101000000
000000000101111110111100000000
000000000111111111111110000000
000000001001111111110000000000
000000000110101111100100000000
000000001101000000101010000000
000000000001010010110000000000
000000001010010101001001000000
000000000101100111000110000000
000000001000001010110001000000
