000000000000010001011010000100
000000001111001110100101011001
000000000000111111111111100010
000000000010011111111111110100
000000000101111111111111110100
000000001001000110011111100010
000000000110101001001110011001
000000001010001000111110000100
000000000000000010111101001001
000000000000000001111111010011
000000000000000001111111110101
000000000000000001111111110110
000000000000000001000111111000
000000000000000001011011110111
000000000000000000100111111001
000000000000000001001001110100
000000000000111001100111110000
000000000101111010101011101011
000000001000111100010111100100
000000000001111111111111110011
000000001010011111111110101100
000000000101101111111011000101
000000000100100001100100010110
000000001010011001001010010100
000000000000000000000000000000
000000000000000000000000000000
000000000000000000000000000000
000000000000000000000000000000
000000000000000000000000000000
000000000000000000000000000000
