000000000000000000000000000000
000000000000000000000000000000
000000000000000000000000000000
000000000000000000000000000000
000000000000000000000000000000
000000000000000000000000000000
000000000000000000000000000000
000000000000000000000000000000
000000000101000100000001000000
000000000010110001011010000000
000000001101001000100110000000
000000000100100000010100000000
000000001011001101001101000000
000000000000111111011001000000
000000000111111111000010000000
000000000101111111101001000000
000000001011011110011000000000
000000001100111111000110000000
000000000011011111001100000000
000000000101001111001010000000
000000000011101111001010000000
000000000111111111001100000000
000000001011111111000110000000
000000000100111110011000000000
000000000000000000000000000000
000000000000000000000000000000
000000000000000000000000000000
000000000000000000000000000000
000000000000000000000000000000
000000000000000000000000000000
