000000000000000000000000000000
000000000000000000000000000000
000000000000000000000000000000
000000000000000000000000000000
000000000000000000000000000000
000000000000000000000000000000
000000000000000000000000000000
000000000000000000000000000000
000000000010000100000000000000
000000001010010100000000000000
000000000100100100000000000000
000000001011001000000000000000
000000000100001100000000000000
000000001011111000000000000000
000000000111111100000000000000
000000001011111000000000000000
000000001001111101101001000000
000000000101111110100101000000
000000001100111111001110000000
000000000101101110010001000000
000000001110111110110010000000
000000001111111101000101000000
000000001111111101011000000000
000000000111111010010010000000
000000000000000000000000000000
000000000000000000000000000000
000000000000000000000000000000
000000000000000000000000000000
000000000000000000000000000000
000000000000000000000000000000
