000000000000000000000000000000
000000000000000000000000000000
000000000000000000000000000000
000000000000000000000000000000
000000000000000000000000000000
000000000000000000000000000000
000000000000000000000000000000
000000000000000000000000000000
000000000000110000000000000000
000000000100000100000000000000
000000001010101100000000000000
000000000100110000000000000000
000000001011010100000000000000
000000000000110000000000000000
000000001011111100000000000000
000000000011111100000000000000
000000001011111100000000000000
000000001011111100000000000000
000000000101111100000000000000
000000000010111100000000000000
000000000011111100000000000000
000000001111111100000000000000
000000000111111100000000000000
000000001011111000000000000000
000000000000000000000000000000
000000000000000000000000000000
000000000000000000000000000000
000000000000000000000000000000
000000000000000000000000000000
000000000000000000000000000000
