000000000000000000000000000000
000000000000000000000000000000
000000000000000000000000000000
000000000000000000000000000000
000000000000000000000000000000
000000000000000000000000000000
000000000000000000000000000000
000000000000000000000000000000
000000001010101010010000000000
000000000111111111110100000000
000000001111111111101011000000
000000000111111111010100000000
000000000000101110101001000000
000000001100011110010010000000
000000000010111111010010000000
000000000100111111100100000000
000000000101111111100010000000
000000001110100111100100000000
000000000011001001111001000000
000000001101010001110010000000
000000001110100111111010000000
000000001110000111100101000000
000000001111111111110100000000
000000000111111111001001000000
000000001001111100000000000000
000000000100100000000000000000
000000000010110000000000000000
000000001001001000000000000000
000000000010001000000000000000
000000001001110000000000000000
