000000001010000100000100000000
000000000101101000010000000000
000000001000100001101000000000
000000000101000101000101000000
000000001001000001001000000000
000000000110010000010110000000
000000001000100000110000000000
000000000100011111111100000000
000000000001111111111010000000
000000000101111111111000000000
000000000110100111110010000000
000000000000011111110100000000
000000000001001111110001000000
000000001110101111111010000000
000000000000010011111100000000
000000001001000010111111000000
000000000011001010111100000000
000000001000110101111110000000
000000000101111000111110000000
000000001011111111111000000000
000000000110111111110111000000
000000000101101111110001000000
000000000100110010001010000000
000000000001001001010010000000
000000000000000000000000000000
000000000000000000000000000000
000000000000000000000000000000
000000000000000000000000000000
000000000000000000000000000000
000000000000000000000000000000
