000000001001001100001101000001
000000000110110000110010100100
000000001100000110101000010110
000000001001011111111111001000
000000000010111111111111100101
000000001001011111111111001001
000000000101000101011111110100
000000000100010010011110000101
000000000000000001111100010100
000000000000000000111100000101
000000000000000001111010101100
000000000000000011111110010101
000000000000000001111111100010
000000000000000010111111110010
000000000000000001000111111000
000000000000000000010011100010
000000000110010100101111100001
000000001001001011000011110100
000000000011101000011011111010
000000000111111001101011100001
000000001001111010101111100111
000000000111111111111110010100
000000001010011111111111100100
000000001000110111111000010100
000000000000000000000000000000
000000000000000000000000000000
000000000000000000000000000000
000000000000000000000000000000
000000000000000000000000000000
000000000000000000000000000000
