000000000010100101101101000000
000000000101000110011000000000
000000001001101001100100000000
000000000010000111010010000000
000000000101101000101010000000
000000001001010100010100000000
000000000011010001101001000000
000000001011111110010010000000
000000000111111111100100000000
000000000011111111010010000000
000000000100111110011001000000
000000001010111111000001000000
000000000100111111011001000000
000000001101011111100010000000
000000000110101111110001000000
000000001101100111100010000000
000000000001010011100000000000
000000000110001011110010000000
000000001111110111101001000000
000000001111111111100010000000
000000001111111110011000000000
000000000001111111010010000000
000000000011010100111000000000
000000001001001001100101000000
000000000000000000000000000000
000000000000000000000000000000
000000000000000000000000000000
000000000000000000000000000000
000000000000000000000000000000
000000000000000000000000000000
