000000000000000000000000000000
000000000000000000000000000000
000000000000000000000000000000
000000000000000000000000000000
000000000000000000000000000000
000000000000000000000000000000
000000000000000000000000000000
000000000000000000000000000000
000000000010000010101101000000
000000001101101001010001000000
000000001010110000001010000000
000000000100111110101001000000
000000000011111111011111000000
000000001100111111100010000000
000000000010111110000010000000
000000000101011111110000000000
000000000000001111100100000000
000000001001100011111001000000
000000000111101111110111000000
000000001011111111101000000000
000000000001111111001000000000
000000001100111110100101000000
000000000011001000010010000000
000000001001010110100101000000
000000000000000000000000000000
000000000000000000000000000000
000000000000000000000000000000
000000000000000000000000000000
000000000000000000000000000000
000000000000000000000000000000
