000000000000000000000000000000
000000000000000000000000000000
000000000000000000000000000000
000000000000000000000000000000
000000000000000000000000000000
000000000000000000000000000000
000000000000000000000000000000
000000000000000000000000000000
000000000001100100000000000000
000000000010010000000000000000
000000001010110000000000000000
000000000100101100000000000000
000000001011011000000000000000
000000001010100000000000000000
000000001011111100000000000000
000000000111111100000000000000
000000000011111100000000000000
000000000101111000000000000000
000000001011111100000000000000
000000000101111100000000000000
000000001111011100000000000000
000000001111111100000000000000
000000001111111000000000000000
000000000111111000000000000000
000000000000000000000000000000
000000000000000000000000000000
000000000000000000000000000000
000000000000000000000000000000
000000000000000000000000000000
000000000000000000000000000000
