000000000000000000000000000000
000000000000000000000000000000
000000000000000000000000000000
000000000000000000000000000000
000000000000000000000000000000
000000000000000000000000000000
000000000000000000000000000000
000000000000000000000000000000
000000001100100010010110000000
000000000111111101011011000000
000000001111111111100000000000
000000001111111110001101000000
000000000100111101000001000000
000000001111111110100100000000
000000000101111110100010000000
000000000100111111000101000000
101100101010001110110010000000
101001011100101111000101000000
010111111110001110111000000000
101000001111111110000110000000
011101001111111110011001000000
010000010111111000000110000000
000110101101000010110010000000
001010110010010001000101000000
000000000000000000000000000000
000000000000000000000000000000
000000000000000000000000000000
000000000000000000000000000000
000000000000000000000000000000
000000000000000000000000000000
