000000000000000000000000000000
000000000000000000000000000000
000000000000000000000000000000
000000000000000000000000000000
000000000000000000000000000000
000000000000000000000000000000
000000000000000000000000000000
000000000000000000000000000000
000000001010000110110000000000
000000000101100010001011000000
000000000011111101000100000000
000000001111111111111001000000
000000000011111111000110000000
000000001110111101101101000000
000000000001111110000101000000
000000001001111111101010000000
000000001000111110101010000000
000000000110101110010000000000
000000001110001110101000000000
000000001111111111000100000000
000000001111111110110010000000
000000000011111100010110000000
000000001001001000001010000000
000000000011010001010100000000
000000000000000000000000000000
000000000000000000000000000000
000000000000000000000000000000
000000000000000000000000000000
000000000000000000000000000000
000000000000000000000000000000
