000000000000000000000000000000
000000000000000000000000000000
000000000000000000000000000000
000000000000000000000000000000
000000000000000000000000000000
000000000000000000000000000000
000000000000000000000000000000
000000000000000000000000000000
000000000100101000000000000000
000000001011010100000000000000
000000000000110000000000000000
000000000110000100000000000000
000000001000001000000000000000
000000000101110100000000000000
000000000110001000000000000000
000000000101111100000000000000
000000001011111110101101000000
000000000011111101010001000000
000000001011111100001011000000
000000000010111110100000000000
000000001101001110100111000000
000000000011101111101010000000
000000001111111110001001000000
000000000111111101011010000000
000000000111111000000000000000
000000001000110000000000000000
000000000100001100000000000000
000000000001110000000000000000
000000001010010100000000000000
000000000101010000000000000000
