000000000000000000000000000000
000000000000000000000000000000
000000000000000000000000000000
000000000000000000000000000000
000000000000000000000000000000
000000000000000000000000000000
000000000000000000000000000000
000000000000000000000000000000
000000001010100100101001000000
000000000011000011001010000000
000000001001110000110010000000
000000000100001110010011000000
000000001001100001010000000000
000000001011111101001110000000
000000000111111110010101000000
000000000011111110101010000000
000000001000111101000010000000
000000000101111110110001000000
000000001101111111000110000000
000000000110111110111000000000
000000001110001110100101000000
000000001111011111001001000000
000000001111111110001001000000
000000000111111110110110000000
000000000011111000000000000000
000000001010110000000000000000
000000000100100100000000000000
000000001000101000000000000000
000000000011011000000000000000
000000001010100100000000000000
