000000000110011000001001000000
000000001001101001000110000000
000000000010010110110010000000
000000000100111111111010000000
000000000101111111111101000000
000000001010111111111100000000
000000000100110110111010000000
000000000000001001111000000000
000000000100101011111100000000
000000000011011011111101000000
000000000100010111111100000000
000000000101101011111110000000
000000000000011001111100000000
000000001010000010111110000000
000000000010001010011111000000
000000001000100100001110000000
000000001110100010111111000000
000000000111010010011110000000
000000001011110101111100000000
000000000011111111111101000000
000000001011111111110100000000
000000000000111111111001000000
000000000100101101100100000000
000000000010010011001101000000
000000000000000000000000000000
000000000000000000000000000000
000000000000000000000000000000
000000000000000000000000000000
000000000000000000000000000000
000000000000000000000000000000
