000000000000000000000000000000
000000000000000000000000000000
000000000000000000000000000000
000000000000000000000000000000
000000000000000000000000000000
000000000000000000000000000000
000000000000000000000000000000
000000000000000000000000000000
000000001010000100000000000000
000000000001110000000000000000
000000000100100000000000000000
000000000011011000000000000000
000000001000100000000000000000
000000000111110000000000000000
000000001111111100000000000000
000000000011111000000000000000
000000000111111000000000000000
000000000111111100000000000000
000000000011111100000000000000
000000000111111100000000000000
000000001111111000000000000000
000000001111111100000000000000
000000000111110000000000000000
000000001001000000000000000000
000000000000000000000000000000
000000000000000000000000000000
000000000000000000000000000000
000000000000000000000000000000
000000000000000000000000000000
000000000000000000000000000000
