000000000000000000000000000000
000000000000000000000000000000
000000000000000000000000000000
000000000000000000000000000000
000000000000000000000000000000
000000000000000000000000000000
000000000000000000000000000000
000000000000000000000000000000
000000001001000110010010000000
000000000100011001001001000000
000000000001110110100110000000
000000001101111110010101000000
000000000011111111011010000000
000000000001111111001001000000
000000000110001111000101000000
000000001001011110011010000000
000000000011011111010101000000
000000000101001111100010000000
000000000010111011101110000000
000000000110000111100001000000
000000001111110011110110000000
000000000111111111111001000000
000000000111111111110101000000
000000001011111111000010000000
000000000000000000000000000000
000000000000000000000000000000
000000000000000000000000000000
000000000000000000000000000000
000000000000000000000000000000
000000000000000000000000000000
