000000000000000000000000000000
000000000000000000000000000000
000000000000000000000000000000
000000000000000000000000000000
000000000000000000000000000000
000000000000000000000000000000
000000000000000000000000000000
000000000000000000000000000000
000000000100000100000000000000
000000000011010100000000000000
000000001001011000000000000000
000000000101101000000000000000
000000001100010100000000000000
000000000001011100000000000000
000000001111110000000000000000
000000001111111000000000000000
000010011111111000000000000000
000110100111110000000000000000
010000000111111000000000000000
001011010111110000000000000000
010100101101111000000000000000
100111111111110000000000000000
110000011111110100000000000000
000100001111101000000000000000
000000000000000000000000000000
000000000000000000000000000000
000000000000000000000000000000
000000000000000000000000000000
000000000000000000000000000000
000000000000000000000000000000
