000000000100100001010101101101
000000001101011111111111100011
000000000001111111111111111110
000000001111011111111111000001
000000000000001001001111101001
000000000101110110011101010111
000000001010001100111110100100
000000000001001011111011010011
000000000000000011111010011001
000000000000000011111111000111
000000000000000001111111101000
000000000000000010001111100011
000000000000000000110011101101
000000000000000001000111111001
000000000000000010101001110010
000000000000000010011101111101
000000000101100110001011111011
000000000011101000110011110100
000000000011110100001011100011
000000001011111010101111111101
000000000011111111111111100100
000000000100111111111111110011
000000000101001111111000000100
000000001010001001001010010011
000000000000000000000000000000
000000000000000000000000000000
000000000000000000000000000000
000000000000000000000000000000
000000000000000000000000000000
000000000000000000000000000000
