000000000000000000000000000000
000000000000000000000000000000
000000000000000000000000000000
000000000000000000000000000000
000000000000000000000000000000
000000000000000000000000000000
000000000000000000000000000000
000000000000000000000000000000
000000001001001001001000000000
000000000010001010110110000000
000000001000100100011001000000
000000000010011111111010000000
000000001100111111110101000000
000000000000111111111000000000
000000001110100111100010000000
000000000000010111111010000000
000000000100011111110001000000
000000000001110111110010000000
000000000110010011111001000000
000000000100101011111010000000
000000001111100101111001000000
000000000011110011111101000000
000000001001111111111010000000
000000000011111111100010000000
000000000100011111001000000000
000000001000100110100001000000
000000000110010000011010000000
000000001001101011100001000000
000000000101001000100100000000
000000001010110010010100000000
