000000000000000000000000000000
000000000000000000000000000000
000000000000000000000000000000
000000000000000000000000000000
000000000000000000000000000000
000000000000000000000000000000
000000000000000000000000000000
000000000000000000000000000000
000000000100100110010010000000
000000001001010000001000000000
000000000100001001100100000000
000000001001010010010010000000
000000000100111000101010000000
000000000100000110010100000000
000000001001111101010001000000
000000000101111111000110000000
000000000010111110000101000000
000000000110111111010101000000
000000000100111110011010000000
000000000011011111100000000000
000000001001101111010010000000
000000000011111111101100000000
000000001011111110001000000000
000000000101111100110010000000
000000000000000000000000000000
000000000000000000000000000000
000000000000000000000000000000
000000000000000000000000000000
000000000000000000000000000000
000000000000000000000000000000
