000000001100100110110010000000
000000000011010100001101000000
000000000101111111111100000000
000000000111111111111111000000
000000000101111111111110000000
000000001001010010111100000000
000000000100001001111010000000
000000001000000011110010000000
000000000010010111110010000000
000000000100000111111101000000
000000001011111111111110000000
000000001100010011111110000000
000000000011101000111111000000
000000000110000010001110000000
000000001001010101001111000000
000000000010010100100111000000
000000000001100000001111000000
000000000110010101011110000000
000000001111011001001110000000
000000000111100010111110000000
000000000111111111111100000000
000000000101111111111001000000
000000001000111111100101000000
000000000100100101000010000000
000000000000000000000000000000
000000000000000000000000000000
000000000000000000000000000000
000000000000000000000000000000
000000000000000000000000000000
000000000000000000000000000000
