000000000100001111111111111100
000000000000101111111111111011
000000000101010111111111111110
000000000000000000100101111010
000000001000101010100011110001
000000000011001000001111110001
000000000100100000101111101010
000000000010000100011110010101
000000000000000000111111101001
000000000000000011111111110110
000000000000000000011111111101
000000000000000010011100111001
000000000000000000101001011100
000000000000000000000111011100
000000000000000010010101111110
000000000000000000010010011101
000000001000110000010010111110
000000000011111100101101111100
000000001001111010010101111011
000000000100111110000011111100
000000001101011111111111111101
000000000001001111111111110010
000000000111001111111110010001
000000000000110001001000101100
000000000000000000000000000000
000000000000000000000000000000
000000000000000000000000000000
000000000000000000000000000000
000000000000000000000000000000
000000000000000000000000000000
