000000000100100101001001000000
000000000100010100100110000000
000000001010001001011001000000
000000000101000100110100000000
000000001010010100100010000000
000000000001011000010010000000
000000001001001001101001000000
000000000100101111111110000000
000000001101011111111111000000
000000000000111111111110000000
000000001010000000011101000000
000000000100101011111001000000
000000000010010001111101000000
000000001001010101111101000000
000000000010101011111110000000
000000001101010101111111000000
000000001001000110101111000000
000000000110001000110111000000
000000000010110111001111000000
000000001001111101010111000000
000000000001110010100111000000
000000000101111000101111000000
000000000011111111111110000000
000000000100111111111100000000
000000000100101111110110000000
000000001001001001101001000000
000000000001011000010001000000
000000001010010100001000000000
000000000101000101010000000000
000000001010001000001001000000
