000000000000000000000000000000
000000000000000000000000000000
000000000000000000000000000000
000000000000000000000000000000
000000000000000000000000000000
000000000000000000000000000000
000000000000000000000000000000
000000000000000000000000000000
000000000010010000000000000000
000000000100101000000000000000
000000001010000100000000000000
000000000101010000000000000000
000000001111111000000000000000
000000001111111100000000000000
000000000111111100000000000000
000000001100111000000000000000
000101010011111111000100000000
001010000101111110010000000000
101001100100111100000111000000
010010000100101110101010000000
001101101011011111001001000000
010110011110011111000110000000
010110011111111100110011000000
001000101111111101001010000000
000000001111111000000000000000
000000000010010100000000000000
000000001001100000000000000000
000000000101001000000000000000
000000000100110000000000000000
000000000100010100000000000000
