000000001100000100010010010100
000000000010111111111111011011
000000001101111111111111111100
000000000000111111111111110110
000000000111000000101111011000
000000001000001011011111000001
000000000011010110111100010100
000000000100101001111101100100
000000000000000011111010011001
000000000000000011111110100110
000000000000000011111111110001
000000000000000010110111110010
000000000000000001101111100101
000000000000000010100011101100
000000000000000001010011110011
000000000000000000100111101100
000000000010110001011011100100
000000001001110101100111111001
000000000111111010011111101000
000000001001111111111111110110
000000000100111111111110101100
000000000100010111111010000101
000000001010001001000101011010
000000001000100010010010010001
000000000000000000000000000000
000000000000000000000000000000
000000000000000000000000000000
000000000000000000000000000000
000000000000000000000000000000
000000000000000000000000000000
