000000000101001000010100101001
000000000010100001011011010011
000000000100000101000110001110
000000000011001010111000100000
000000000100011111111111010101
000000001100111111111111110010
000000000010011111111111011001
000000001011010000111110000110
000000000000000000011111010110
000000000000000000111110101000
000000000000000010111111000001
000000000000000001111110101100
000000000000000011111111010101
000000000000000001111111110110
000000000000000000001011100000
000000000000000010100011110001
000000001010010101001001110110
000000000001001010100001110010
000000001010100010011011111101
000000000101110101000011110000
000000000001111000001111111010
000000001011111011001111100111
000000001001111111111111010000
000000000100111111111110000101
000000001010101111111001000000
000000000100010100010010000000
000000000100101000110100000000
000000000001110001001001000000
000000000001001101000100000000
000000001100100000111001000000
