000000000000000000000000000000
000000000000000000000000000000
000000000000000000000000000000
000000000000000000000000000000
000000000000000000000000000000
000000000000000000000000000000
000000000000000000000000000000
000000000000000000000000000000
000000000010010111100010000000
000000000101111111110000000000
000000000110000111110010000000
000000000100011111100010000000
000000000001011111111001000000
000000001110011111100110000000
000000001000111011110000000000
000000000101111011100101000000
000000000011110011110010000000
000000001111111111111110000000
000000000111111111111101000000
000000000011111111111111000000
000000001011000111101000000000
000000000100010111100011000000
000000000100100011110100000000
000000001000001011110010000000
000000000000000011000001000000
000000000000000001001001000000
000000000000000000000110000000
000000000000000001010001000000
000000000000000001101010000000
000000000000000010000101000000
