000000000000000000000000000000
000000000000000000000000000000
000000000000000000000000000000
000000000000000000000000000000
000000000000000000000000000000
000000000000000000000000000000
000000000000000000000000000000
000000000000000000000000000000
000000000110100101100100000000
000000001000011010000011000000
000000000010110110101000000000
000000000100000100000100000000
000000001011101110111011000000
000000000100011110010110000000
000000001001111111101100000000
000000000010111110000010000000
000000000101111110100000000000
000000001011111110010011000000
000000000111111111100100000000
000000000111111111100101000000
000000001011111111101000000000
000000000000111110010011000000
000000001101001110100100000000
000000000000101110000101000000
000000000100110100000000000000
000000001001011000000000000000
000000000110000100000000000000
000000000101010000000000000000
000000001100100100000000000000
000000000010011000000000000000
