000000000000000001101001000000
000000000000000000101011000000
000000000000000001011100000000
000000000000000000100001000000
000000000000000000011010000000
000000000000000001001000000000
000000000000000010110010000000
000000000000000001111010000000
000000000100000011111000000000
000000001001100111111100000000
000000000010001111111100000000
000000001001011111111000000000
000000000010011110111110000000
000000000100111110111001000000
000000001001111100111100000000
000000000011111001111010000000
000000000101110110111100100101
000000000111111111111111001000
000000001111111111111111100011
000000000111111111111111000100
000000001001010010111111001011
000000001010010001111000100100
000000001011110110111011010100
000000000010001010111010001011
000000000000000000111010000000
000000000000000001010101000000
000000000000000010011100000000
000000000000000011100001000000
000000000000000000010010000000
000000000000000001000011000000
