000000000100100101001001000000
000000000001010110100010000000
000000000111001000111001000000
000000000100101001110100000000
000000000010110111111001000000
000000001000001111110010000000
000000001001000111111010000000
000000000100001111110001000000
000000000000001111110010000000
000000000011011101111100000000
000000000100111101110010000000
000000000101111111111010000000
000000001011111001111101000000
000000001011110101110010000000
000000000111111111111110000000
000000000111111111111111000000
000000001011111111111110000000
000000000001111001110101000000
000000001110010111111000000000
000000000001110001111010000000
000000000100000101110001000000
000000000000101011111010000000
000000000100110101110110000000
000000001001001001001001000000
000000000000000000000000000000
000000000000000000000000000000
000000000000000000000000000000
000000000000000000000000000000
000000000000000000000000000000
000000000000000000000000000000
