000000000000000000000000000000
000000000000000000000000000000
000000000000000000000000000000
000000000000000000000000000000
000000000000000000000000000000
000000000000000000000000000000
000000000000000000000000000000
000000000000000000000000000000
000000000001010100110010000000
000000000100111110010000000000
000000000010011111101010000000
000000000010111110010001000000
000000001001111110101001000000
000000000111111110001110000000
000000000111111111100101000000
000000001011101110001010000000
000000000111001110010100000000
000000001111111111110110000000
000000001111111111111000000000
000000001111111111110101000000
000000000110101111010000000000
000000001000011111001010000000
000000000101001110101000000000
000000000000010110000011000000
000000000000000000000000000000
000000000000000000000000000000
000000000000000000000000000000
000000000000000000000000000000
000000000000000000000000000000
000000000000000000000000000000
