000000000101001010000010000000
000000000001001001011101000000
000000000010100001101000000000
000000001001010010111010000000
000000000010000011110000000000
000000000101100111110010000000
000000001010011111111100000000
000000000010101111110100000000
000000000010011111110010000000
000000000001111111111010000000
000000000100111101110001000000
000000000101111011111110000000
000000001011110111110010000000
000000000011111001110010000000
000000000011100111110010000000
000000001111111111111111000000
000000000111111111111111101000
000000001011111111111111011011
000000000010001011111000100100
000000001101010001110010011001
000000000100100111111101000101
000000001110000001110001110100
000000000011001001111110000110
000000001000001001100001100101
000000000000000000000000000000
000000000000000000000000000000
000000000000000000000000000000
000000000000000000000000000000
000000000000000000000000000000
000000000000000000000000000000
