000000001000010110001010000000
000000000001010001000000000000
000000001001101000101110000000
000000001000000011010010000000
000000000110010111100100000000
000000001000100111100011000000
000000000100101111101001000000
000000000001011111110010000000
000000000101011111100101000000
000000000001111111101011000000
000000000001111011110010000000
000000001011110111110101000000
000000000111111011101010000000
000000000111100111101110000000
000000001111111111111101000000
000000001111111111111110000000
000000000111111111111101000000
000000001000011011111001000000
000000000100100111101000000000
000000001001000111100010000000
000000000110110011101100000000
000000000000101001000101000000
000000000010011010111000000000
000000000010100101010010000000
000000000000000000000000000000
000000000000000000000000000000
000000000000000000000000000000
000000000000000000000000000000
000000000000000000000000000000
000000000000000000000000000000
