000000000000000000000000000000
000000000000000000000000000000
000000000000000000000000000000
000000000000000000000000000000
000000000000000000000000000000
000000000000000000000000000000
000000000000000000000000000000
000000000000000000000000000000
000000001010000111010010000000
000000000101011111100100000000
000000001010001111001000000000
000000000001111111110000000000
000000001001111111001011000000
000000001010111111100100000000
000000000001110111011101000000
000000001111111111110011000000
000000001011111111111010000000
000000001001111111110110000000
000000000110100111100001000000
000000001010010111011000000000
000000000001101111100011000000
000000000010010010000100000000
000000000100110000011010000000
000000000001000101010100000000
000000000000000000000000000000
000000000000000000000000000000
000000000000000000000000000000
000000000000000000000000000000
000000000000000000000000000000
000000000000000000000000000000
