000000000000000000000000000000
000000000000000000000000000000
000000000000000000000000000000
000000000000000000000000000000
000000000000000000000000000000
000000000000000000000000000000
000000000000000000000000000000
000000000000000000000000000000
000000000100101001000100000000
000000000110010110010001000000
000000001011110101011110000000
000000000110101110010011000000
000000001000111110101100000000
000000000101111110101010000000
000000000010111111010000000000
000000001001111110100010000000
000000001011111110001010000000
000000000111111111011100000000
000000001111111111100011000000
000000001011111111001000000000
000000000011001110100010000000
000000001100101110010101000000
000000000100011110101101000000
000000000001100101010010000000
000000000000000000000000000000
000000000000000000000000000000
000000000000000000000000000000
000000000000000000000000000000
000000000000000000000000000000
000000000000000000000000000000
