000000000000000000000000000000
000000000000000000000000000000
000000000000000000000000000000
000000000000000000000000000000
000000000000000000000000000000
000000000000000000000000000000
000000000000000000000000000000
000000000000000000000000000000
000000001010110100100100000000
000000000001101000010001000000
000000000010011100010110000000
000000000010111110100001000000
000000001101111111001100000000
000000000000111110001010000000
000000000101111110010100000000
000000000111111110010010000000
000000000011111110000010000000
000000001111111111110001000000
000000000111111111101000000000
000000000111111111000001000000
000000000110111111010110000000
000000001011001110100001000000
000000000000011111011011000000
000000000011000101000000000000
000000000000000000000000000000
000000000000000000000000000000
000000000000000000000000000000
000000000000000000000000000000
000000000000000000000000000000
000000000000000000000000000000
