000000001000101000011010000000
000000000101001010110001000000
000000001010011100001101000000
000000001010100010111010000000
000000000001011101111110000000
000000000100100011111001000000
000000000110011111111110000000
000000000011000111111001000000
000000000010111111111110010100
000000000101001111111001010010
000000000010111101111010111001
000000001000111110111110000101
000000000101111000111100111010
000000000001110011111010000100
000000001011111111111111111001
000000000111111111111111100011
000000000011111111111111000000
000000001000101101111100000000
000000001011000010111000000000
000000000100101100111001000000
000000000001001011111000000000
000000001100111100111000000000
000000000000010011110011000000
000000001011001000010010000000
000000000000000000000000000000
000000000000000000000000000000
000000000000000000000000000000
000000000000000000000000000000
000000000000000000000000000000
000000000000000000000000000000
