000000000000000000100010000000
000000000000000001100111000000
000000000000000010101111000000
000000000000000011011111000000
000000000000000000011111000000
000000000000000011011111000000
000000000000000010111111000000
000000000000000011111111000000
000000001001001011110111010000
000000000110000111101111001011
000000001000100111010111100110
000000000111011111001111111010
000000001000111110000111001100
000000001010111110110111101101
000000000000111111111111111000
000000000010111111111111111110
000000000010111111111111111101
000000001001100000100111000110
000000000100010101001111101000
000000001011101011100111010111
000000000101000000101111000010
000000001100110011100111001100
000000000101001001011111010010
000000001010000110100010100001
000000000000000000000000000000
000000000000000000000000000000
000000000000000000000000000000
000000000000000000000000000000
000000000000000000000000000000
000000000000000000000000000000
