000000000000000001101000000000
000000000000000000001001000000
000000000000000011001010000000
000000000000000010110001000000
000000000000000001000110000000
000000000000000001011001000000
000000000000000010010000000000
000000000000000010010110000000
000000000110000000111100000000
000000000000111011111011000000
000000001101000011111110000000
000000000110100111111001000000
000000001001000111111010000000
000000000110011111111100000000
000000001000101111111100000000
000000000101011101111001000000
000000001011111110111010000101
000000000011111111111111111001
000000000101111111111111100010
000000001110111111111111000100
000000000001011100111110101001
000000000010110001111000010101
000000000101001010111001100100
000000000101010101111000000110
000000000000000010010110000000
000000000000000010010000000000
000000000000000001011001000000
000000000000000001000110000000
000000000000000010110001000000
000000000000000011001010000000
