000000000000000000000000000000
000000000000000000000000000000
000000000000000000000000000000
000000000000000000000000000000
000000000000000000000000000000
000000000000000000000000000000
000000000000000000000000000000
000000000000000000000000000000
000000000100001000000110000000
000000001011100110110001000000
000000000010111100011110000000
000000001001001110110011000000
000000000011011111101100000000
000000000100111110101010000000
000000000010111111010100000000
000000001001111110100100000000
000000000111111110010011000000
000000001111111111010000000000
000000001111001110100111000000
000000001111111111110001000000
000000001111111111111110000000
000000000111111111100011000000
000000000001011110111110000000
000000000010001110001010000000
000000000001101110000000000000
000000001010000101100010000000
000000000000110010010001000000
000000001011001000100100000000
000000000101010101010010000000
000000001100010011000001000000
