000000000000000000000000000000
000000000000000000000000000000
000000000000000000000000000000
000000000000000000000000000000
000000000000000000000000000000
000000000000000000000000000000
000000000000000000000000000000
000000000000000000000000000000
000000001010011011000010000000
000000000100101011101010000000
000000001000110011110001000000
000000001011001111100100000000
000000001110111111111010000000
000000000000111111101101000000
000000001100011111100101000000
000000000000111011101010000000
000000001001111111100101000000
000000000111111011110010000000
000000000011111111111010000000
000000000011111111111111000000
000000000101111111111100000000
000000000010001011100000000000
000000001000011111111010000000
000000000101010011101001000000
000000000000000001001100000000
000000000000000010110001000000
000000000000000001010110000000
000000000000000011000001000000
000000000000000000110100000000
000000000000000010100010000000
