000000000000000000000000000000
000000000000000000000000000000
000000000000000000000000000000
000000000000000000000000000000
000000000000000000000000000000
000000000000000000000000000000
000000000000000000000000000000
000000000000000000000000000000
000000001000100000101001000000
000000000101101010000100000000
000000000110010101101110000000
000000000010100111010101000000
000000001000001011101010000000
000000001101100111100001000000
000000000100001111110110000000
000000001001011111100001000000
000000001001011111110000000000
000000000110111111101101000000
000000001001111111110000000000
000000000101111111111110000000
000000001000111111111001000000
000000000001101011110100000000
000000000110001011101010000000
000000001001101011101001000000
000000000000000001000111000000
000000000000000001101010000000
000000000000000010100100000000
000000000000000010001001000000
000000000000000001010110000000
000000000000000010010010000000
