000000000000000010100010000000
000000000000000001011101000000
000000000000000010011101000000
000000000000000010111100000000
000000000000000000111100000000
000000000000000011111110000000
000000000000000011111101000000
000000000000000011111100000000
000000000100110111011100100001
000000001010011111111101011000
000000000101001111111100001101
000000001101011101011111101010
000000001010111111011100101100
000000000111111001111111011101
000000001001111111111111111011
000000001011111111111111111110
000000000101111111111111110000
000000000010101010011110011100
000000001001100101111101010010
000000001000001010011100111101
000000001010000100011111010010
000000000010100001011100110101
000000001010010101011110100000
000000001101101001101101001011
000000000000000000000000000000
000000000000000000000000000000
000000000000000000000000000000
000000000000000000000000000000
000000000000000000000000000000
000000000000000000000000000000
