000000000000000011101000000000
000000000000000000010011000000
000000000000000001001000000000
000000000000000010101010000000
000000000000000000110000000000
000000000000000011001111000000
000000000000000000110000000000
000000000000000011111110000000
000000000100101001111001000000
000000000110111011111100000000
000000000000100111111010000000
000000001011001111111010000000
000000000100011110111001000000
000000000010111110111010000000
000000001001111110111110000000
000000001011111111111110000000
000000000101111111111111000000
000000001010111111111111000000
000000000100100000111110000000
000000000110110101111001000000
000000001011000110111010000000
000000000100111001111110000000
000000000001010010110001000000
000000000110010100001010000000
000000000000000000000000000000
000000000000000000000000000000
000000000000000000000000000000
000000000000000000000000000000
000000000000000000000000000000
000000000000000000000000000000
