000000000000000000000000000000
000000000000000000000000000000
000000000000000000000000000000
000000000000000000000000000000
000000000000000000000000000000
000000000000000000000000000000
000000000000000000000000000000
000000000000000000000000000000
000000000101100001011000000000
000000001000001111101000000000
000000000010110111100001000000
000000001001010111111110000000
000000000001101111100000000000
000000000100011111111010000000
000000001001111111101000000000
000000000000111011101000000000
000000001011111011101100000000
000000000111110111100000000000
000000000011111111111111000000
000000000111111111111110000000
000000001011111111111101000000
000000000010001011101001000000
000000000101100111100100000000
000000001001010011100001000000
000000000000000011101001000000
000000000000000001000100000000
000000000000000001011010000000
000000000000000000101101000000
000000000000000000100100000000
000000000000000000010100000000
