000000000100101001010100000000
000000001010100001010011000000
000000000101011010100000000000
000000000001001001011110000000
000000001100110001001001000000
000000000011000011101001000000
000000001001011111110000000000
000000000100101111100000000000
000000000101101111101010000000
000000000100011111110100000000
000000001011111111100001000000
000000001001111011100100000000
000000000101110111101011000000
000000001011111011110010000000
000000000111101011101101000000
000000001111111111111110000000
000000001111111111111110000000
000000001111111111111101000000
000000000011011011101100000000
000000000010100011111000000000
000000000100010111100101000000
000000001001000011110010000000
000000000100011001001001000000
000000001011100001100000000000
000000000000000000000000000000
000000000000000000000000000000
000000000000000000000000000000
000000000000000000000000000000
000000000000000000000000000000
000000000000000000000000000000
