000000000000000000000000000000
000000000000000000000000000000
000000000000000000000000000000
000000000000000000000000000000
000000000000000000000000000000
000000000000000000000000000000
000000000000000000000000000000
000000000000000000000000000000
000000001010110110100010000000
000000000010001000100101000000
000000000100100111011001000000
000000001001001111010110000000
000000000100011110101000000000
000000001101111110001001000000
000000000011111110110100000000
000000000101111110000000000000
000000000011111111101101000000
000000001011111110000110000000
000000000111111111000101000000
000000001111111111101000000000
000000001111111111110101000000
000000001111111111101101000000
000000000100101111000010000000
000000001001011110110010000000
000000001000001111000101000000
000000000110100101010001000000
000000001000011010010100000000
000000000001101100101110000000
000000000010110010010010000000
000000000101100100100101000000
