000000001011011000001010000000
000000001001000101000101000000
000000000010011000101010000000
000000000100101111101101000000
000000000001110001110010000000
000000000010100011110110000000
000000001000011011111000000000
000000000101100111110001000000
000000000000101111110101011011
000000001100011111111010100010
000000000001111111110101011001
000000001010111111110100110100
000000000101111011111101001110
000000000001111001110000000101
000000000111111111111111011000
000000001111111111111111100110
000000000011111111111111000000
000000000011000001110110000000
000000001001010111111000000000
000000000101101001110010000000
000000000010000101110101000000
000000001001101011111010000000
000000000101000110100011000000
000000000010100001010000000000
000000000000000000000000000000
000000000000000000000000000000
000000000000000000000000000000
000000000000000000000000000000
000000000000000000000000000000
000000000000000000000000000000
