000000000000000001011010000000
000000000000000001100110000000
000000000000000010100101000000
000000000000000010000001000000
000000000000000010011001000000
000000000000000000000000000000
000000000000000011011011000000
000000000000000000111100000000
000000000101001010111110000000
000000001100010111111101000000
000000001001100001111101000000
000000000101001111111101000000
000000000100100011111110000000
000000001011000111011111000000
000000000100111111011101000000
000000000100001110011110000000
000000001010111100011100010100
000000000011111110011111101010
000000001100111111111111100100
000000000101111111111111110001
000000001011111111111111101111
000000000101001100111100000001
000000000110000000111101100100
000000000000110000111110001001
000000000000000001011111000000
000000000000000010101010000000
000000000000000000011001000000
000000000000000010000110000000
000000000000000000011000000000
000000000000000010100010000000
