000000000000000001010100000000
000000000000000000001011000000
000000000000000011010110000000
000000000000000001100101000000
000000000000000010011110000000
000000000000000001011110000000
000000000000000010111110000000
000000000000000000111111000000
000000000101001001111110010101
000000001010101011111111101010
000000000000010011111110011010
000000000111000111111111010110
000000000001011111001110100001
000000000000001111011111010010
000000000100111110101110001001
000000001001111111111111110101
000000000110111111111111111000
000000001001011111111111110010
000000001011101100001110010101
000000000110000001011110100010
000000001010011110001110001000
000000000010010000111110101011
000000000101001001101110010011
000000000100010001010100101100
000000000000000000000000000000
000000000000000000000000000000
000000000000000000000000000000
000000000000000000000000000000
000000000000000000000000000000
000000000000000000000000000000
