000000001100100110100101000000
000000000001010110101001000000
000000000110001001110010000000
000000001100101111111111000000
000000000010110101111100000000
000000001000001111111001000000
000000001001000111111101000000
000000000101001111111010000000
000000001001001110111001101100
000000000100011110111010010010
000000000101111101111010010010
000000000100111010111001011101
000000000101110000111110100001
000000001011111111111111011100
000000000111111111111111100111
000000000011111111111111010011
000000000000000001111010000000
000000000000000001111101000000
000000000000000001111000000000
000000000000000000111111000000
000000000000000010111010000000
000000000000000001010101000000
000000000000000010011000000000
000000000000000001000101000000
000000000000000000000000000000
000000000000000000000000000000
000000000000000000000000000000
000000000000000000000000000000
000000000000000000000000000000
000000000000000000000000000000
