000000000000000010010010000000
000000000000000001100100000000
000000000000000010000001000000
000000000000000010111110000000
000000000000000010111110000000
000000000000000001111101000000
000000000000000011111110000000
000000000000000011111101000000
000000001010100111111110001011
000000000100011111111100110101
000000001010001110111110100111
000000000101111111011100000101
000000000100111110011101010010
000000000011111001111100011000
000000000001111111111111100101
000000000111111111111111110000
000000000011111111111111110001
000000001001010100111110010100
000000000101100100011100100101
000000000001011000011101001010
000000001011110100111100100100
000000000100011011011111001001
000000000011100100101100110010
000000000000010010010101001100
000000000000000000000000000000
000000000000000000000000000000
000000000000000000000000000000
000000000000000000000000000000
000000000000000000000000000000
000000000000000000000000000000
