000000000000000000000000000000
000000000000000000000000000000
000000000000000000000000000000
000000000000000000000000000000
000000000000000000000000000000
000000000000000000000000000000
000000000000000000000000000000
000000000000000000000000000000
000000000001010110101010000000
000000000000101000001100000000
000000000000011111011011000000
000000001001111111010110000000
000000000000111110111000000000
000000001011111111001101000000
000000000101111110010100000000
000000000011111110001100000000
000000001111111111001101000000
000000000111011111000010000000
000000001111111111101101000000
000000001111111111111001000000
000000001111111111100010000000
000000000110101110111011000000
000000001010011111000100000000
000000000100001111001101000000
000000000010011100000000000000
000000000100101000000000000000
000000000010001100000000000000
000000000100010000000000000000
000000001001101000000000000000
000000000010010000000000000000
