000000000000000001001010000000
000000000000000010100100000000
000000000000000000101011000000
000000000000000011001100000000
000000000000000000100110000000
000000000000000001110010000000
000000000000000010111001000000
000000000000000011111010000000
000000000010100011111100000000
000000001001001111111000000000
000000000100101111111100000000
000000001010011110111010000000
000000000001111111111000000000
000000001100011101111011000000
000000000011111100111010000000
000000000101111001111001000000
000000000011111111111111010011
000000000111111111111111100100
000000001001111111111111010101
000000000011000000111101001001
000000000101010101111010010011
000000000010000110111001011100
000000000100100001111110110010
000000000011001010110000001001
000000000000000000000000000000
000000000000000000000000000000
000000000000000000000000000000
000000000000000000000000000000
000000000000000000000000000000
000000000000000000000000000000
