000000000000000001110001000000
000000000000000011001010000000
000000000000000000101101000000
000000000000000010010100000000
000000000000000001101010000000
000000000000000010001010000000
000000000000000010111100000000
000000000000000010111111000000
000000000000110001111100000000
000000000100000101111110000000
000000000011101011111100000000
000000001100010111111101000000
000000000000101111011110000000
000000000101101110111100000000
000000001010011111011101000000
000000000100111100011100000000
000000001001111111111111011011
000000000101111111111111100110
000000000010111111111111011000
000000000110101110011100000101
000000001001110010111100010011
000000000110100101011101100000
000000000100010101011100101000
000000001001001000101010010010
000000000000000000000000000000
000000000000000000000000000000
000000000000000000000000000000
000000000000000000000000000000
000000000000000000000000000000
000000000000000000000000000000
