000000000000000001100001000000
000000000000000010000110000000
000000000000000010011010000000
000000000000000000001001000000
000000000000000000101110000000
000000000000000001011111000000
000000000000000000011110000000
000000000000000010011110000000
000000000001010001111111000000
000000000100001011111110000000
000000001011001001111110000000
000000000110010111101111000000
000000001100101111101111000000
000000000101001111111110000000
000000000010111111001110000000
000000001101011100011110000000
000000001000111111111111110001
000000000111111111111111111110
000000001001011111111111110000
000000000100101000011110110001
000000001101000110101110010100
000000001000000000111111110110
000000001101010001001110001011
000000000010000000001111010100
000000000000000010010101000000
000000000000000001011000000000
000000000000000000000110000000
000000000000000001011101000000
000000000000000001010011000000
000000000000000010101110000000
