000000001001011000101011000000
000000000000110010000101000000
000000000110010101010010000000
000000001001000010101000000000
000000000010011001000110000000
000000000101001101101000000000
000000001101111111110101000000
000000000011111111111010000000
000000000111111111110000000000
000000001011100011001001000000
000000000111110101000000000000
000000001011101000101101000000
000000001111111111110010000000
000000000111111111111000000000
000000000111111111111101000000
000000000011010100111110000000
000000000101000001011110000000
000000000001101001011111000000
000000001010010110101110000000
000000000101000000111111000000
000000000110000101011100000000
000000001111011001011110000000
000000000111100110111101000000
000000000111111111111110000000
000000000011111111110100000000
000000001110111111101010000000
000000000001010101001001000000
000000001001101100010001000000
000000000100011011000100000000
000000000101100000101011000000
