000000000000110001000100000000
000000001010001001011110000000
000000000010100010001001000000
000000001101010101010101000000
000000000010100110110010000000
000000000110111001010011000000
000000001011011111111111000000
000000000101011111111111000000
000000001000011111111110010001
000000000100111110100011010110
000000001001011110001000110000
000000001110111110111001010100
000000000011111111111110001001
000000001100111111111111100100
000000000010111111111111111000
000000001010111110011111110000
000000000101010101010011100110
000000001000011010100111101001
000000000110000101011011100111
000000000000101100000111101010
000000001010111001100011110100
000000000011111000010111111010
000000000001111110001111100000
000000000100111111111111000100
000000000101011111111111000000
000000001000101011111110000000
000000000110011000100011000000
000000001001000011010010000000
000000000101000101000010000000
000000001000101001001010000000
