000000000000000000000000000000
000000000000000000000000000000
000000000000000000000000000000
000000000000000000000000000000
000000000000000000000000000000
000000000000000000000000000000
000000000000000000000000000000
000000000000000000000000000000
000000001001010110001010000000
000000000001001000110000000000
000000001100100100000101000000
000000000001111111010010000000
000000001111111111101010000000
000000000011111111100100000000
000000001011100010010001000000
000000000111111110100010000000
000000000111111111101100000000
000000001111111111110001000000
000000000111101011111110000000
000000000101010111110011000000
000000001010110001111000000000
000000000111001001110011000000
000000001111001011110100000000
000000000111111111100100000000
000000001111111111001000000000
000000000010111110010010000000
000000000001001001101001000000
000000001001010011001010000000
000000000010101100110101000000
000000001010110010011010000000
