000000000000100000101011000000
000000000010001001000100000000
000000000010110010000011000000
000000001100000100101100000000
000000000111111111110101000000
000000001011111111111100000000
000000001011111111110000000000
000000000111101010010101000000
000000000011110001001010000000
000000000111101110110001000000
000000001011111111111000000000
000000000111111111111010000000
000000001111111111111101000000
000000000111010111111100000000
000000001001011000011101000000
000000000100101010101110000000
000000001001001001001110000000
000000000100001000111111000000
000000001110100110011110000000
000000001111010101011101000000
000000000111101101111100000000
000000000111111111111011000000
000000000111111111111010000000
000000001010011111010010000000
000000000000000000000000000000
000000000000000000000000000000
000000000000000000000000000000
000000000000000000000000000000
000000000000000000000000000000
000000000000000000000000000000
