000000000000000000000000000000
000000000000000000000000000000
000000000000000000000000000000
000000000000000000000000000000
000000000000000000000000000000
000000000000000000000000000000
000000000000000000000000000000
000000000000000000000000000000
000000001011111110010010000000
000000000111111110011001000000
000000001111111100100010000000
000000001110001011011101000000
000000001111111100100001000000
000000001111111111000010000000
000000001111111110010110000000
000000001110001111000101000000
000000000100011111010000000000
000000001111001111100010000000
000000001111101111011101000000
000000001111111111001010000000
000000001111111100110101000000
000000000111111010000110000000
000000001011000101111011000000
000000000100110010010010000000
000000000000000000000000000000
000000000000000000000000000000
000000000000000000000000000000
000000000000000000000000000000
000000000000000000000000000000
000000000000000000000000000000
