000000001001011000101001000000
000000000010000011010110000000
000000000010110100110010000000
000000001100001001001001000000
000000000001111111111010000000
000000001011111111111101000000
000000000111111111111010000000
000000001011100000100010000000
000000001111101010110001000000
000000000011100101011100000000
000000001011111111100001000000
000000000011111111111101000000
000000001011111111111110000000
000000000111110010111110000000
000000000110100101011110000000
000000001000010001001111000000
000000000100001010011111000000
000000001000101001010111000000
000000000010011010010111000000
000000000110101100011111000000
000000000111000001001110000000
000000001111100110111111000000
000000000011111111111100000000
000000000101111111111001000000
000000000100011111100010000000
000000000010100000010100000000
000000000100110000110010000000
000000001010001001000101000000
000000000101001001001010000000
000000001000110110110001000000
