000000001001100100010110000000
000000000110000001001001000000
000000001011111111110100000000
000000000011111111111110000000
000000001011111111110011000000
000000000011101100010010000000
000000000111110010100101000000
000000001111101111001000000000
000000000011111111110010000000
000000001111111111111101000000
000000000111110001111110000000
000000001111101100111100000000
000000000011000001011111000000
000000000100101001001110000000
000000000000001000111110000000
000000001011010100011111000000
000000000110011000001110000000
000000001111100010111101000000
000000000111101100111100000000
000000000111111111111001000000
000000000111111111110101000000
000000000110011111001000000000
000000000000010110100010000000
000000001001001000100100000000
000000000000000000000000000000
000000000000000000000000000000
000000000000000000000000000000
000000000000000000000000000000
000000000000000000000000000000
000000000000000000000000000000
