000000000000000000000000000000
000000000000000000000000000000
000000000000000000000000000000
000000000000000000000000000000
000000000000000000000000000000
000000000000000000000000000000
000000000000000000000000000000
000000000000000000000000000000
000000000001000010001010000000
000000001001001000110000000000
000000000100000100000101000000
000000000011111111010010000000
000000001111111111101010000000
000000000011111111100100000000
000000000011101010010000000000
000000000011111110100010000000
000000000111111111100000000000
000000001111111111110000000000
000000000111101011111010000000
000000000101010101110001000000
000000001000110001111000000000
000000000111001001110010000000
000000001111001011110100000000
000000000111111111101101000000
000000000011111111001000000000
000000000010111110010010000000
000000000001001001100001000000
000000001001010011001010000000
000000000010101100110101000000
000000001010110000011010000000
