000000000000000000000000000000
000000000000000000000000000000
000000000000000000000000000000
000000000000000000000000000000
000000000000000000000000000000
000000000000000000000000000000
000000000000000000000000000000
000000000000000000000000000000
000000000100100110110100000000
000000001010011001000011000000
000000001001111111111000000000
000000000101111111110110000000
000000001001111111101001000000
000000000111110000010010000000
000000001011111110101100000000
000000000011111111110010000000
000000001001111111111101000000
000000000100110101111010000000
000000001010011000111010000000
000000001010010111011101000000
000000000111101000111100000000
000000000111100110111101000000
000000001011101001111010000000
000000000011111111111101000000
000000001011111111110101000000
000000000100111111101000000000
000000000001001111001010000000
000000001001010000001001000000
000000000011001110010100000000
000000001101001000101001000000
