000000001010000101001000000000
000000000000011111111110000000
000000000110111111111111000000
000000000100111111111110000000
000000000011111010000010000000
000000001001110001011001000000
000000000011110101001010000000
000000000101111000100001000000
000000001011111111111001010010
000000000101111111111111101000
000000001001111111111111010110
000000001011111000111111110001
000000000101100100001111101001
000000001010000000001111110100
000000000000101000010001110001
000000001001001010101011110100
000000000001101010101011111001
000000001111101000010001111010
000000000111100100001111100101
000000001011111000001111101101
000000001011111100111111111010
000000000111111111111111100100
000000001001111111111111001010
000000000001011111111001101001
000000000000000000000000000000
000000000000000000000000000000
000000000000000000000000000000
000000000000000000000000000000
000000000000000000000000000000
000000000000000000000000000000
