000000000001000100110000000000
000000000101110010000110000000
000000000100011101100101000000
000000000011101010000100000000
000000000100000100110011000000
000000000011001111101000000000
000000000101111111011001000000
000000000011111111101001000000
000000000111111111000011000000
000000000011111101011000000000
000000000011111100000110000000
000000001011111111110000000000
000000000111111111111101000000
000000001111110011110010000000
000000000010001011110001000000
000000000100110101111100000000
000000000110110000111101000000
000000000111000101111110000000
000000001111101011111101000000
000000000111111111110010000000
000000001011111111110110000000
000000000101111110100011000000
000000000000000101011010000000
000000001010010110100001000000
000000000000000000000000000000
000000000000000000000000000000
000000000000000000000000000000
000000000000000000000000000000
000000000000000000000000000000
000000000000000000000000000000
