000000001001010110010001000000
000000000010100010101010000000
000000001100011111111110000000
000000000100111111111111000000
000000001100111111111110000000
000000000011111001010101000000
000000000100111010001001000000
000000000011111101000000000000
000000000000111111111001100100
000000000100111111111110001101
000000000010111111111111100010
000000001001111010011111101101
000000001100100001001011100000
000000000000000101010111110110
000000001011010110101101111001
000000000010001000110101110010
000000000000010001010001111011
000000000110100110010011110000
000000001001110010110011100101
000000000001111100001111101000
000000001010111111111111000110
000000000000111111111110100001
000000000101000111111001010000
000000001001011010101010010110
000000000000000000000000000000
000000000000000000000000000000
000000000000000000000000000000
000000000000000000000000000000
000000000000000000000000000000
000000000000000000000000000000
