000000000001001001001000000000
000000001100010010100101000000
000000000001101100101000000000
000000000100000000000100000000
000000001001001001100010000000
000000000010000010010000000000
000000001100111111111001000000
000000000101111111111110000000
000000001011111111111001000000
000000000101111010100110000000
000000000100111111010010000000
000000001001111111111000000000
000000000110111111111001000000
000000000101111101111100000000
000000001000110001011100000000
000000001010000001011100000000
000000000001010010011101000000
000000001100110100011100000000
000000000101111010111100000000
000000001011111111111110000000
000000000110111111111000000000
000000000001111111100011000000
000000001000100110100100000000
000000000011001001010010000000
000000000000000000000000000000
000000000000000000000000000000
000000000000000000000000000000
000000000000000000000000000000
000000000000000000000000000000
000000000000000000000000000000
