000000000000000000000000000000
000000000000000000000000000000
000000000000000000000000000000
000000000000000000000000000000
000000000000000000000000000000
000000000000000000000000000000
000000000000000000000000000000
000000000000000000000000000000
000000000100100101000100000000
000000000010000101100101000000
000000000000110100010100000000
000000001011111111111010000000
000000000011111111101100000000
000000000101111111100011000000
000000001011101100001001000000
000000001011111111010010000000
000000000011111111100110000000
000000001011111111110001000000
000000000001011001111110000000
000000000100101011110100000000
000000000101000001111001000000
000000001111101111110100000000
000000000011111111111000000000
000000000111111111100010000000
000000000110111110110010000000
000000000001011001100001000000
000000000000100010010100000000
000000000111000100111000000000
000000000000100111010010000000
000000001000000001100100000000
