000000000000000000000000000000
000000000000000000000000000000
000000000000000000000000000000
000000000000000000000000000000
000000000000000000000000000000
000000000000000000000000000000
000000000000000000000000000000
000000000000000000000000000000
000000000101100110001001000000
000000001011111111010110000000
000000001001111111110001000000
000000000111111111101010000000
000000001011101001001000000000
000000000111111111100100000000
000000001011111111100001000000
000000000111111111110010000000
000000001011100011110010000000
000000000010010111111010000000
000000001011100101110001000000
000000001111100011110101000000
000000000011111111101100000000
000000001011111111000111000000
000000000000111111011000000000
000000000111010000110110000000
000000000000000000000000000000
000000000000000000000000000000
000000000000000000000000000000
000000000000000000000000000000
000000000000000000000000000000
000000000000000000000000000000
