000000000010110010010101000000
000000001101000001101010000000
000000001000001001001100000000
000000000001110010100011000000
000000001010011111111110000000
000000000010111111111111000000
000000000010111111111110000000
000000001001011100001001000000
000000000100111110100010100010
000000000010111111111101011000
000000001010111111111110100000
000000001001111111111111001100
000000000010111110101111100010
000000001001011000110111111000
000000000010001010001111100011
000000001001000110100011110000
000000000001001000100011110000
000000001110111010011011100011
000000000101111000001011111000
000000001000111111011111100010
000000001010111111111111001100
000000000101111111111110100000
000000000100010111111100011000
000000001001010010110101100010
000000000000000000000000000000
000000000000000000000000000000
000000000000000000000000000000
000000000000000000000000000000
000000000000000000000000000000
000000000000000000000000000000
