000000000100100001010010000000
000000001001011001001011000000
000000001001000010110110000000
000000001010100110000101000000
000000000100001001101000000000
000000000101111111101001000000
000000000011111111110100000000
000000000111111111110101000000
000000000111100100001101000000
000000000111001010000000000000
000000001111111110100110000000
000000000111111111110010000000
000000001111111111110101000000
000000000111010111110010000000
000000001100100100111100000000
000000000000010101111010000000
000000001010100010111000000000
000000001101001000111011000000
000000001110010111111010000000
000000001111000001111001000000
000000000111111111110100000000
000000001111111111111010000000
000000000011111111010101000000
000000001010101000001101000000
000000000000000000000000000000
000000000000000000000000000000
000000000000000000000000000000
000000000000000000000000000000
000000000000000000000000000000
000000000000000000000000000000
