000000000000000000000000000000
000000000000000000000000000000
000000000000000000000000000000
000000000000000000000000000000
000000000000000000000000000000
000000000000000000000000000000
000000000000000000000000000000
000000000000000000000000000000
000000000001000000101001000000
000000000100111111110100000000
000000000001111111110001000000
000000000101111111111001000000
000000000001110000110110000000
000000001011111110001000000000
000000000101111111110101000000
000000001011111111110000000000
000000000111111011111010000000
000000001001010010111101000000
000000001000100101111010000000
000000000101010000111011000000
000000001011110110111100000000
000000001011100001111010000000
000000000011111111111010000000
000000000101111111111101000000
000000001001011111010100000000
000000000101010000100001000000
000000000010110101001000000000
000000001001000000000101000000
000000000110001111001010000000
000000001010010001001001000000
