000000000000000000000000000000
000000000000000000000000000000
000000000000000000000000000000
000000000000000000000000000000
000000000000000000000000000000
000000000000000000000000000000
000000000000000000000000000000
000000000000000000000000000000
000000000100000101001001000000
000000001010001010100101000000
000000000001000001000101000000
000000001101111111110010000000
000000000011111111100101000000
000000001101111111110000000000
000000000011110110000110000000
000000000111111101001001000000
000000001011111111001000000000
000000000111111111110111000000
000000000101110111110001000000
000000001010010011110010000000
000000000011100101110110000000
000000000011111011110001000000
000000001011100111111110000000
000000000111111111110010000000
000000000101111111110010000000
000000001010111110100101000000
000000001001101001000100000000
000000000110100000110101000000
000000001011000111000001000000
000000000100111000111010000000
