000000000010010010100000000000
000000000000100000001010000000
000000000010001110110001000000
000000000100100000010110000000
000000000101001110100100000000
000000001010011111111101000000
000000000000111111111110000000
000000001101111111111100000000
000000000101111100010100000000
000000001100111011010010000000
000000000001110111100010000000
000000001001111111111101000000
000000001011111111111111000000
000000001001111001011110000000
000000000110100100001111000000
000000001000101001000111000000
000000001001101000110111000000
000000000000100010010111000000
000000001011111101100111000000
000000000111110010001111000000
000000000001110000111111000000
000000001101111111111101000000
000000001010111111111111000000
000000000101011111111010000000
000000000000000000000000000000
000000000000000000000000000000
000000000000000000000000000000
000000000000000000000000000000
000000000000000000000000000000
000000000000000000000000000000
