000000000110110100101000000000
000000000011001011100101000000
000000001000110000111101000000
000000000110000111010110000000
000000000001111111111011000000
000000000001111111111000000000
000000001111111111110010000000
000000000011100110000001000000
000000000111100110001010000000
000000000111111111100010000000
000000001011111111111001000000
000000000011111111111110000000
000000000111101000111110000000
000000001010010100111110000000
000000001001011001011101000000
000000000110100001011110000000
000000000111010000011100000000
000000000111100100011110000000
000000000111101011111100000000
000000001111111111111011000000
000000000001111111110000000000
000000000110111111101010000000
000000000000101010010000000000
000000000001010001001100000000
000000000000000000000000000000
000000000000000000000000000000
000000000000000000000000000000
000000000000000000000000000000
000000000000000000000000000000
000000000000000000000000000000
