000000001010100100000000110001
000000000110010000000000000110
000000000001011111111111001000
000000001010011111111111100101
000000000100111111111111110000
000000001011011100000000010110
000000001100111100000000100000
000000000000111100000000000011
000000000011111110001100100010
000000001000011111111111010110
000000000010111111111111001010
000000000001011111111111101001
000000001010101011001011110000
000000001000010100101001110100
000000000101101001001110111100
000000000000101010100001111011
000000001000100100001000111001
000000000100011011010110111100
000000000000111101001001111101
000000000011111010110101110010
000000001010111101010111110011
000000000011011111111111101001
000000000000011111111111010100
000000000011000111111101010010
000000000000000000000000000000
000000000000000000000000000000
000000000000000000000000000000
000000000000000000000000000000
000000000000000000000000000000
000000000000000000000000000000
