000000000000000000000000000000
000000000000000000000000000000
000000000000000000000000000000
000000000000000000000000000000
000000000000000000000000000000
000000000000000000000000000000
000000000000000000000000000000
000000000000000000000000000000
000000000010111111101001000000
000000001101111111110110000000
000000000011111111101001000000
000000000101111111010100000000
000000001001111110011001000000
000000000111111111101001000000
000000000011111111110010000000
000000001011111011111100000000
000000001011000100111001000000
000000000100011001111110000000
000000000110100001111100000000
000000001001110110111011000000
000000000111100001111100000000
000000000011111111110101000000
000000000101111111100000000000
000000000000011111110010000000
000000000000000000000000000000
000000000000000000000000000000
000000000000000000000000000000
000000000000000000000000000000
000000000000000000000000000000
000000000000000000000000000000
