000000000000000000000000000000
000000000000000000000000000000
000000000000000000000000000000
000000000000000000000000000000
000000000000000000000000000000
000000000000000000000000000000
000000000000000000000000000000
000000000000000000000000000000
000000000101000001011010000000
000000001100111111110001000000
000000000101111111111100000000
000000000011111111110010000000
000000000011110001001001000000
000000000101111101001100000000
000000001001111111110001000000
000000000101111111110110000000
000000001001111111111100000000
000000000011101010011110000000
000000001001011000111110000000
000000000100010111011101000000
000000001011100101111100000000
000000000111111010011110000000
000000000011110100111101000000
000000001011111111111100000000
000000000011111111111100000000
000000001010011111100101000000
000000000101001001001010000000
000000001001100110011001000000
000000001010010000100101000000
000000000101011001101010000000
