000000000100101000001001000000
000000001001111111111110000000
000000000111111111111101000000
000000001011111111111010000000
000000001011111101011010000000
000000000111100001001000000000
000000001011111010001001000000
000000000111111111110010000000
000000000111111111111101000000
000000001011111111111100000000
000000000111111001111111000000
000000000110110110011110000000
000000000101110010011111000000
000000001000000000011111000000
000000000011010101100111000000
000000000010101010010111000000
000000000110011110101110000000
000000001111100010011111000000
000000000111101101111111000000
000000001011111111111100000000
000000000011111111111110000000
000000001000011111110000000000
000000000011101001010100000000
000000000100010110001001000000
000000000000000000000000000000
000000000000000000000000000000
000000000000000000000000000000
000000000000000000000000000000
000000000000000000000000000000
000000000000000000000000000000
