000000000000000000000000000000
000000000000000000000000000000
000000000000000000000000000000
000000000000000000000000000000
000000000000000000000000000000
000000000000000000000000000000
000000000000000000000000000000
000000000000000000000000000000
000000000101001000010010000000
000000000010110100010010000000
000000001110000101001001000000
000000001001111111001101000000
000000001011111111110000000000
000000000011111111001110000000
000000001011110100101000000000
000000000011111111000101000000
000000001011111111001001000000
000000000111111111110000000000
000000001101110111100111000000
000000000010110001111000000000
000000001101101001111000000000
000000000011100011100111000000
000000001111111111110000000000
000000000011111111001001000000
000000000101111111010101000000
000000000101000010100110000000
000000001001011011010010000000
000000000110000100100110000000
000000000000000011001001000000
000000000000111100110010000000
