000000000010110110010010000000
000000001000010001010010000000
000000000001001010100001000000
000000001110010001100010000000
000000000001010110010101000000
000000000110000001001100000000
000000000001001111111101000000
000000001000111111111110000000
000000000001111111111110000000
000000000100111010010010000000
000000000000111101001101000000
000000001001111111110000000000
000000000110111111111110000000
000000000101111111111111000000
000000000010011001001110000000
000000000000011010010111000000
000000000100010101001111000000
000000000001001010000111000000
000000000110110001101111000000
000000001001111110011111000000
000000001011111010101110000000
000000001000111111111111000000
000000000101111111111100000000
000000001010011111110010000000
000000000000000000000000000000
000000000000000000000000000000
000000000000000000000000000000
000000000000000000000000000000
000000000000000000000000000000
000000000000000000000000000000
