000000000100101010001010000000
000000000101001100110010000000
000000000010110010001001000000
000000001001001011000110000000
000000000101010000110001000000
000000001000100111010000000000
000000000110100001111011000000
000000001000010111111100000000
000000001010101111111110000000
000000000101011111101111000000
000000001000111101010111000000
000000000010011100101011000000
000000001100111111101001000000
000000001001111111111110000000
000000000010111111111111000000
000000000100111111011111000000
000000000000111100010111100011
000000000011111110101111101000
000000000100111001000111110011
000000001010111111011111101100
000000000100111010001111100101
000000000001111110111111101010
000000001100001111111110011001
000000000010101111111110000010
000000000000000011111000000000
000000000000000000010100000000
000000000000000001100001000000
000000000000000011010110000000
000000000000000000000001000000
000000000000000001010100000000
