000000000000000000000000000000
000000000000000000000000000000
000000000000000000000000000000
000000000000000000000000000000
000000000000000000000000000000
000000000000000000000000000000
000000000000000000000000000000
000000000000000000000000000000
000000001100001111110100000000
000000000011011111111010000000
000000001100111111111001000000
000000000101111101111110000000
000000001000111011010100000000
000000000010111111111001000000
000000000111111111111000000000
000000000001111101111010000000
000000000001111010111101000000
000000000011111100011100000000
000000001000111011011110000000
000000001011111100111101000000
000000000100111111111110000000
000000001101011111110110000000
000000000010011111101100000000
000000001010000111000101000000
000000000000000000000000000000
000000000000000000000000000000
000000000000000000000000000000
000000000000000000000000000000
000000000000000000000000000000
000000000000000000000000000000
