000000001100101010010010000000
000000000010110100010100000000
000000001010001001001011000000
000000000110010110000100000000
000000001100100000110011000000
000000000010101111001101000000
000000000101000011110010000000
000000001001011111111101000000
000000000100101111111100000000
000000001011111110111101000000
000000000100111111011010000000
000000001011111000101011000000
000000000100111111111100000000
000000000110111111111010000000
000000000001111111111101000000
000000001011111101011110000000
000000000000111001011110000000
000000000101111011001110000000
000000001001111000101110000000
000000000100111110011100000000
000000000011011111111110000000
000000000101011111111000000000
000000001000100111101001000000
000000000100010010010010000000
000000000000000000000000000000
000000000000000000000000000000
000000000000000000000000000000
000000000000000000000000000000
000000000000000000000000000000
000000000000000000000000000000
