000000001010110000000101001101
000000000010001110011010000000
000000001100110001000011101101
000000001011001010011000100000
000000000101101100101010001101
000000000110000010111110000010
000000001001101111111111100101
000000000101001111111111100010
000000000101001111011011110101
000000001000111110100101111101
000000000010011110011000110010
000000001001011100101011100001
000000000100111111111100001101
000000000100111111111111110001
000000001010111111111111101100
000000000100111110010111110100
000000000100111100010011110000
000000001010111110100001110010
000000000100111110101101111010
000000000100111101001010111010
000000001001011111110001110100
000000000010011100111011110110
000000001000111111000111111001
000000000101001111111111101100
000000000010000111111111000000
000000000100101010111101000000
000000000011001101011010000000
000000000101010010100101000000
000000001001101100011000000000
000000000010010001000010000000
