000000000110010101000100000000
000000000000000110000010000000
000000000111001001100011000000
000000000000010110000100000000
000000000101101011111001000000
000000001101011111111111000000
000000000101111111111110000000
000000001010111001001111000000
000000000011111000101111000000
000000001101110010000111000000
000000000111111001001001000000
000000001001110111110110000000
000000000011111111111100000000
000000001111111111111111000000
000000000011111000101111000000
000000001011110011010111000000
000000000011110101010111001010
000000000011111010100111110010
000000000101110100110011110100
000000001011111011001111000110
000000001001110000010111101001
000000000011111110111111000010
000000001010111111111111010110
000000000000111111111100101101
000000000000000011111101000000
000000000000000010110010000000
000000000000000010010110000000
000000000000000001100001000000
000000000000000000010101000000
000000000000000010001000000000
