000000001000000001001010000000
000000000111100100100100000000
000000001100000101100010000000
000000001001101001011100000000
000000000101010110000011000000
000000001001111111101101000000
000000000101111111101000000000
000000000111111111110100000000
000000001111101001111010000000
000000000111010010101000000000
000000000111111110101011000000
000000001111111111001101000000
000000000111111111110010000000
000000001111101111110000000000
000000000111101001110110000000
000000000111111001111000000000
000000001111011000111010000000
000000000111000011110010000000
000000001111110111111100000000
000000000011111111111011000000
000000000101111111100000000000
000000001000111110001100000000
000000000011001001010010000000
000000001101100110101001000000
000000000000000000000000000000
000000000000000000000000000000
000000000000000000000000000000
000000000000000000000000000000
000000000000000000000000000000
000000000000000000000000000000
