000000000101100101010010000011
000000001010010010111011011101
000000000011000111111111100101
000000001110101111111111111010
000000000110111111100011101101
000000001001011110110111110100
000000000101111001100001100010
000000000110111000000100101010
000000000101111001100100010100
000000000111110011111100001001
000000000001111111111111100010
000000000101111111111111101001
000000001101111110101111110100
000000000001111101000111110011
000000000011111110111001110101
000000000101111000000010110010
000000000111110001000001111011
000000001011110101100100111100
000000000101111011000001110010
000000000100111001110011110101
000000001101111110010111111100
000000000001111111001111110110
000000001010011111111111110000
000000000101001111111111001011
000000000000000001111101000000
000000000000000001000001000000
000000000000000010110010000000
000000000000000000000010000000
000000000000000001001000000000
000000000000000010100011000000
