000000000000000001010100000000
000000000001010100101010000000
000000001000001011000100000000
000000000101001101001011000000
000000001000010110110110000000
000000000010101001001001000000
000000001010110001110001000000
000000000100001111111110000000
000000001100101111111111000000
000000000001011111011111000000
000000001111111100011111000000
000000000000111100100110000000
000000000110111110101011000000
000000000001111111111010000000
000000001001111111111100000000
000000000111111111111110000000
000000000001111000001111000000
000000000001111110010111000000
000000001101110000000111000000
000000000101111010101111000000
000000001011111100011111000000
000000000101111010100111000000
000000001010111110111111000000
000000000100011111111111000000
000000000100001111111110000000
000000001010110011110000000000
000000000010101000001101000000
000000001000010101101000000000
000000000101001110100101000000
000000001000001011000100000000
