000000000000000000000000000000
000000000000000000000000000000
000000000000000000000000000000
000000000000000000000000000000
000000000000000000000000000000
000000000000000000000000000000
000000000000000000000000000000
000000000000000000000000000000
000000001001111111111100000000
000000000010111111111011000000
000000001100111111111100000000
000000000011111010011111000000
000000001111110100101010000000
000000000011110001001001000000
000000000111111111111011000000
000000000111111111110110000000
000000001011111111111101000000
000000000111110110111110000000
000000000011101000011111000000
000000000011110101011100000000
000000001011101010111110000000
000000000011110010111100000000
000000000111110100111100000000
000000000101111111111010000000
000000001010111111110101000000
000000000011011111101100000000
000000000100100000010010000000
000000000100001111000010000000
000000000000100000010000000000
000000000101010110101010000000
