000000001010110000100111000000
000000000001010100001010000000
000000000100101010101101000000
000000000010110011100110000000
000000001010001111111000000000
000000000000111111111101000000
000000000110011110111110000000
000000001001111001011111000000
000000000001111001000101000000
000000000011110011100110000000
000000001011111111111101000000
000000000001111111111110000000
000000000101111111111111000000
000000000001111100011110000000
000000000111111001001111000000
000000001001110010100111000000
000000000011111010001111000000
000000001001110001011110000000
000000000100111111011111000000
000000000100111111111100000000
000000000001111111111010000000
000000001010001111110101000000
000000000110101001110010000000
000000000001000010011001000000
000000000000000000000000000000
000000000000000000000000000000
000000000000000000000000000000
000000000000000000000000000000
000000000000000000000000000000
000000000000000000000000000000
