000000001010110001001101000000
000000000100010110110010000000
000000001011010010010100000000
000000000101101000100100000000
000000000000011011100001000000
000000001010100000011010000000
000000000010011010100001000000
000000000101100111001000000000
000000001010111111111001000000
000000000100111111111110000000
000000001011111100111000000000
000000000101111010110110000000
000000001001110011001000000000
000000000101111111110101000000
000000000101111111111011000000
000000000111111101111100000000
000000000011110001111101000000
000000000001111110011110000000
000000001011110000111100000000
000000000001111101011111000000
000000001101111011111010000000
000000000001111111111110000000
000000000110111111110101000000
000000001001001111100010000000
000000000000000000000000000000
000000000000000000000000000000
000000000000000000000000000000
000000000000000000000000000000
000000000000000000000000000000
000000000000000000000000000000
