000000000000000000110010000000
000000000000000001000100000000
000000000000000010111001000000
000000000000000001000010000000
000000000000000001001001000000
000000000000000010010100000000
000000000000000000011000000000
000000000000000011100101000000
000000001010011111111000000000
000000000100111111111110000000
000000001111011111011110000000
000000000000111000001111000000
000000000101111001100101000000
000000001001111111110000000000
000000000111111111111110000000
000000001001111111111101000000
000000000101111110111110000000
000000000101111101011111000000
000000000111111001001111000000
000000000001110010100111000000
000000000101111100111111000000
000000000000111010011110000000
000000000111111101111111000000
000000001000011111111110000000
000000000101001111111010000000
000000001000110111110101000000
000000000010000111101000000000
000000000100011000000110000000
000000001001000010101000000000
000000000100110101010010000000
