000000000000000000000000000000
000000000000000000000000000000
000000000000000000000000000000
000000000000000000000000000000
000000000000000000000000000000
000000000000000000000000000000
000000000000000000000000000000
000000000000000000000000000000
000000000111111110100101000000
000000000011111110101000000000
000000001111111111100110000000
000000000111001110010010000000
000000001111111010001101000000
000000001111111100010000000000
000000001111111111001010000000
000000001111001111110100000000
000000001110101111000100000000
000000001110010111010001000000
000000001111001111001010000000
000000000111111111000001000000
000000001111111100111000000000
000000000001111000100001000000
000000000101100110101000000000
000000001010110000001010000000
000000000000000000000000000000
000000000000000000000000000000
000000000000000000000000000000
000000000000000000000000000000
000000000000000000000000000000
000000000000000000000000000000
