000000000000000000000000000000
000000000000000000000000000000
000000000000000000000000000000
000000000000000000000000000000
000000000000000000000000000000
000000000000000000000000000000
000000000000000000000000000000
000000000000000000000000000000
000000000000100111111100000000
000000000000101111111111000000
000000000010001111111111000000
000000001000011111101111000000
000000000110111110011010000000
000000000100111100100001000000
000000001001111111111010000000
000000000110111111111101000000
000000000000111111111111000000
000000000100111110101111000000
000000001011111101001111000000
000000000100111000010111000000
000000001000111111001111000000
000000000010111001010111000000
000000000101111100101111000000
000000000101011111111111000000
000000000100001111111100000000
000000000000111011110010000000
000000001101001001101100000000
000000000010111100100011000000
000000001001001010100000000000
000000000110101110100011000000
