000000000000100100101001100010
000000001000110010111000001100
000000001010001111111111010010
000000000010001111111111001001
000000000100101111111111110110
000000001010011101000111101000
000000000101111100000001100110
000000001010111010101101011000
000000000001111000110101010100
000000000101111111111110101001
000000001010111111111111000111
000000000101111111101111110000
000000000010111100010111100010
000000000110111101010001111001
000000000101111001000111110010
000000000100111100100001111001
000000001001111010010011110000
000000000101111101000101110100
000000000100111010100111110010
000000001001111111010111101000
000000000010111111111111001101
000000001010000111111111110001
000000000101100101111000001000
000000001000101000010100100000
000000000000000000000000000000
000000000000000000000000000000
000000000000000000000000000000
000000000000000000000000000000
000000000000000000000000000000
000000000000000000000000000000
