000000000001100001000010000100
000000000110011000100100010001
000000000101100011111111100000
000000000110110111111111111101
000000000001001111111111110110
000000001010111110011001111001
000000001011011100100100111010
000000000100111110011001010101
000000000100111110110001011001
000000001010111001111101001010
000000000100111111111111010100
000000000101111111111111100110
000000001010111111101111111000
000000001001111110010101111010
000000000110111101001000111110
000000000100111000100001111000
000000000011111001011010111100
000000000010111100010000011111
000000000100111011101001111000
000000001011011101010010111011
000000001001011110100111111010
000000000110111111000111110001
000000001001011111111111110110
000000000101100111111111100100
000000000000000000111100000000
000000000000000001011010000000
000000000000000000000000000000
000000000000000010000001000000
000000000000000000111100000000
000000000000000010000001000000
