000000001000110000001000000000
000000000110000100111010000000
000000001010011001100010000000
000000000010010101011100000000
000000001110110010000011000000
000000000101011011001100000000
000000001001101111111010000000
000000001001011111111100000000
000000000100011111111110000000
000000001011111000011110000000
000000001011111011010101000000
000000001001110111011010000000
000000000111111111111001000000
000000000011111111111110000000
000000000101111100111110000000
000000000001111010101111000000
000000000101110010001111000000
000000001011111010101110000000
000000000001110010101111000000
000000000111110001011110000000
000000000000111011011111000000
000000000110111111111100000000
000000000011111111111011000000
000000000101001111100100000000
000000000000000000000000000000
000000000000000000000000000000
000000000000000000000000000000
000000000000000000000000000000
000000000000000000000000000000
000000000000000000000000000000
