000000001001010101001000100000
000000001000011011111110001100
000000000001101111111111010010
000000000100001111111111101000
000000001010011111011111110110
000000000011111100100011111000
000000000101111010101101100100
000000000010111101000001011001
000000000101110100100000001010
000000000001110111111100011011
000000001101111111111111100100
000000000001111111111111101010
000000001011111110100111110100
000000000111111000100111110010
000000000001111111010011110100
000000001001110001001101110010
000000000101110010100101110000
000000001001111010110001110010
000000000111111000010111111111
000000000010111011001111101000
000000001001111110011111110000
000000000010011111111111000101
000000001000001111111110100000
000000000101010011111010001101
000000000000000000000000000000
000000000000000000000000000000
000000000000000000000000000000
000000000000000000000000000000
000000000000000000000000000000
000000000000000000000000000000
