000000000001001010001010000000
000000001000010111001001000000
000000000111110000010100000000
000000001000001001001011000000
000000000011010010101000000000
000000000110110101110001000000
000000001000001111111110000000
000000000101001111111111000000
000000000010011111001111010010
000000001001111100100111100011
000000000100111111001101001101
000000000110111001001000000000
000000001001111011111010010100
000000000111111111111111000001
000000000101111111111111001101
000000001011111110001111100100
000000000011111100100111100001
000000001001111010010011101101
000000000011111001100011100010
000000000101111101001011100101
000000000010111011010111111110
000000000100111100110011110011
000000000001111111101111000110
000000000011011111111110010010
000000000001001111111111000000
000000001011010111111010000000
000000000101000101000111000000
000000001000011000111000000000
000000000011110000010110000000
000000001010001101100101000000
