000000000000000000000000000000
000000000000000000000000000000
000000000000000000000000000000
000000000000000000000000000000
000000000000000000000000000000
000000000000000000000000000000
000000000000000000000000000000
000000000000000000000000000000
000000001001111101001001000000
000000000111111111101000000000
000000001111111110010010000000
000000000111011111100101000000
000000001111110101001101000000
000000001111111110010110000000
000000001111111110110100000000
000000001111111111110000000000
000000001111100111100110000000
000000001110001111101000000000
000000001111101111010111000000
000000001111111111100000000000
000000000011111100000101000000
000000000111111010101001000000
000000001010010001000010000000
000000000101000100011010000000
000000000000000000000000000000
000000000000000000000000000000
000000000000000000000000000000
000000000000000000000000000000
000000000000000000000000000000
000000000000000000000000000000
