000000000001001011101010000000
000000000110110101011000000000
000000000010010011100010000000
000000000100100101000101000000
000000000110000010001101000000
000000001000011110010010000000
000000001101111111110000000000
000000000101111111111001000000
000000000001111111111110000000
000000001111110001111011000000
000000000011101110110100000000
000000001111101111011001000000
000000001111111111101010000000
000000000111111111110010000000
000000001111111011111000000000
000000001111101001111101000000
000000000111010110111110000000
000000001111001100011101000000
000000001111010011111110000000
000000000111001100111000000000
000000001111110011111100000000
000000001011111111110010000000
000000001100111111100111000000
000000000101011111010000000000
000000000000000000000000000000
000000000000000000000000000000
000000000000000000000000000000
000000000000000000000000000000
000000000000000000000000000000
000000000000000000000000000000
