000000000000000010101001000000
000000000000000001100100000000
000000000000000001001010000000
000000000000000001110100000000
000000000000000010011001000000
000000000000000001110000000000
000000000000000000000110000000
000000000000000001110001000000
000000000110001111111110000000
000000001000111111111110000000
000000000101011111011110000000
000000000100011100101101000000
000000001011111010010010000000
000000000110111111111010000000
000000001001111111111100000000
000000000010111111111111000000
000000000000111110101110000000
000000001100111010111111000000
000000000001111010010111000000
000000001010111001000111000000
000000000011111001001111000000
000000000101011101011111000000
000000000100011111111111000000
000000000001001111111110000000
000000000000000011110010000000
000000000000000001001101000000
000000000000000010110000000000
000000000000000000010101000000
000000000000000010101010000000
000000000000000000000000000000
