000000001010110110001100000101
000000001010101010110011011010
000000000101110101000100101000
000000001011001010010111011001
000000001101101011111111100110
000000000110000011111111111000
000000001001111111111111110011
000000000101001111011011111010
000000001100011111100100111000
000000000000111110000010010111
000000000110111100010100011010
000000000000011101111110010111
000000001001111111111111100100
000000000110011111111111110101
000000000100111111110011111011
000000000101011110101011111100
000000000100111110011000111001
000000000010011100110010111110
000000000000011111010101011100
000000001001011100011010111111
000000000010011101010110111101
000000000001111110100001111100
000000001000001111101011111010
000000000010110111111111110100
000000000000000011111111101101
000000000000000000111100010100
000000000000000001011010110001
000000000000000010100101001000
000000000000000000000000110110
000000000000000000000000001001
