000000000000000000000000000000
000000000000000000000000000000
000000000000000000000000000000
000000000000000000000000000000
000000000000000000000000000000
000000000000000000000000000000
000000000000000000000000000000
000000000000000000000000000000
000000000110101111101010000000
000000000101111111110100000000
000000001111111111111001000000
000000000011111101111110000000
000000001101110100011001000000
000000000011111111100011000000
000000000111111111110010000000
000000000011111111111000000000
000000001011111001111010000000
000000000111110100111000000000
000000000011110110011110000000
000000001111111000111001000000
000000001001111101111000000000
000000000011111111111100000000
000000000100111111111010000000
000000001010001111010100000000
000000000000000000000000000000
000000000000000000000000000000
000000000000000000000000000000
000000000000000000000000000000
000000000000000000000000000000
000000000000000000000000000000
