000000000100100010101001000000
000000000101000111110000000000
000000000001011010011010000000
000000001010010100110100000000
000000000110010111011000000000
000000001000101001100001000000
000000001001011110010110000000
000000001011111111000001000000
000000000001111111101010000000
000000000011111011110001000000
000000001111110001100100000000
000000000111111110010001000000
000000001011111111100000000000
000000000111111111101101000000
000000000111110111110000000000
000000000111100001110000000000
000000000111011001111000000000
000000001011100101110110000000
000000000111110111110001000000
000000001111111111111010000000
000000000001111111101001000000
000000000100011110100010000000
000000000001101000010000000000
000000000100100010110010000000
000000000000000000000000000000
000000000000000000000000000000
000000000000000000000000000000
000000000000000000000000000000
000000000000000000000000000000
000000000000000000000000000000
