000000000000001001000101000000
000000000011010001011000000000
000000000100100111110010000000
000000000001111111111111000000
000000001110111111111110000000
000000000011111000001110000000
000000001101111110101110000000
000000000111111001010111000000
000000000111101101000100000000
000000001011100011110010000000
000000001011111111111100000000
000000000111111111111101000000
000000001011111101111110000000
000000001011111011101111000000
000000000111110100011111000000
000000000011110101010111000000
000000000011101001001111000000
000000001011110000110111000000
000000001011101010011111000000
000000000111111100111111000000
000000000011111101011111000000
000000001001111111111100000000
000000000000011111111110000000
000000000100100111100100000000
000000000000000000000000000000
000000000000000000000000000000
000000000000000000000000000000
000000000000000000000000000000
000000000000000000000000000000
000000000000000000000000000000
