000000001010100101001010100001
000000000011001000010000000110
000000001000010000100011110100
000000000100010101001000000101
000000001000100001111111001001
000000000011010111111110100100
000000001001001111111111011011
000000000101011111101111101000
000000001000011110100011101101
000000000001111101001001010100
000000001010011100010010001000
000000000010111111111110110010
000000000100111111111110000010
000000001010111111111111101100
000000000101111100011111110010
000000000100111110100011111010
000000000110111010100011110001
000000000101111000001101110110
000000001010111110110011110001
000000000101011100110011101110
000000000010111111001111100000
000000001011101111111111010111
000000000100001111111111101000
000000001010100111111010010100
000000000000000000000000000000
000000000000000000000000000000
000000000000000000000000000000
000000000000000000000000000000
000000000000000000000000000000
000000000000000000000000000000
