000000000010100000100010000000
000000000000010101001101000000
000000001000100010100110000000
000000000000010101011000000000
000000001011000001000110000000
000000001101010111111101000000
000000000011101111111111000000
000000000100101111111111000000
000000000100011101000111100001
000000000100111101010011100100
000000000011111110000101000101
000000001101111001001011110010
000000001000111011111000100001
000000000111111111111110001010
000000001001111111111111010011
000000000011111101101111101101
000000000001111000010011101001
000000001101111111001011110100
000000000101111010110011110001
000000001010111001101101110100
000000000101111110101011110010
000000000011111000001011110101
000000001100111111001111100000
000000000100011111111111010101
000000000100101111111110000000
000000000010100001111100000000
000000000010100100010110000000
000000001100001001001001000000
000000000101010110001110000000
000000001001001000001001000000
