000000000011010001000010100101
000000000101101010011000000000
000000000000100101110001100101
000000000100010010111110000001
000000000101111111111111001010
000000001000101111111111101001
000000000111011111101111110110
000000000101111110110011110101
000000000001011100100101001000
000000001010011101001010010110
000000000001011110111001101001
000000000010111111111111100100
000000000000111111111111010000
000000001110111111101111110100
000000000000111110000111110000
000000000110111110100101110010
000000000100111101001011111100
000000001001111110100001111001
000000000010011100001011110010
000000000010111101010011110001
000000000100011111000111101100
000000001011011111111111010100
000000000010100111111110100101
000000000100010001111001010000
000000000000000000000000000000
000000000000000000000000000000
000000000000000000000000000000
000000000000000000000000000000
000000000000000000000000000000
000000000000000000000000000000
