000000000010110111111001000000
000000000001011111111110000000
000000000100111111111111000000
000000000100111110011111000000
000000001000111000100111000000
000000000011111010100011000000
000000000101110000001100000000
000000000011110101110101000000
000000000011111111111110010000
000000001101111111111111000011
000000000011111111011111101100
000000001001111100110111010001
000000000011111001010111101010
000000001001111010001011110011
000000000101110100001111101000
000000000011110001010011101011
000000000001110001010111100101
000000001101111001101111111010
000000000011111110011111000100
000000001101011111111110010001
000000000010111111111100001010
000000001101000011111000100001
000000000001100101000010000110
000000000001010110110101101000
000000000000000000000000000000
000000000000000000000000000000
000000000000000000000000000000
000000000000000000000000000000
000000000000000000000000000000
000000000000000000000000000000
