000000000000000000000000000000
000000000000000000000000000000
000000000000000000000000000000
000000000000000000000000000000
000000000000000000000000000000
000000000000000000000000000000
000000000000000000000000000000
000000000000000000000000000000
000000000011111111111111000010
000000001111111111111111110110
000000000001111111111111000000
000000001001010001010111010111
000000000010100110101110000011
000000000000011100111111011111
000000001000010011011111000000
000000000001001000111100001001
000000001010011010111110000000
000000001000001001111101000000
000000000111110001111010000000
000000001000000111110001000000
000000000010110011111010000000
000000000101000111110001000000
000000001010100111111011000000
000000000101000111100101000000
000000000010001111010101000000
000000001001011110100010000000
000000001110101111001101000000
000000000000111110010100000000
000000000110001000011010000000
000000000001000001000001000000
