000000000001101000000000000110
000000001101000100000000110000
000000000010111000000000001000
000000001000000111111111010110
000000000001011000000000101001
000000001001011111111111111010
000000000100111111111111111010
000000000010011111111111111000
000000000000000000100011110100
000000000000000010010111101001
000000000000000000000111110001
000000000000000011001111101111
000000000000000001011111000010
000000000000000011001110001100
000000000000000001011110100000
000000000000000010111101011000
000000001010101010011110000000
000000000100100101111011000000
000000000010010000111100000000
000000001000100111110101000000
000000000001010001110010000000
000000000010010011101101000000
000000001001001011101001000000
000000000100100111010010000000
000000000100100111100101000000
000000001001001010011110000000
000000000010010001010001000000
000000000001010010101000000000
000000001000100101000010000000
000000000010010010011101000000
