000000000001011000000000100101
000000001110010000000000011101
000000000011101100000000000101
000000001100010000000000110100
000000000011111111111111111011
000000001101111111111111111100
000000000100111111111111111100
000000000010100100000000111010
000000000000000000000101111010
000000000000000001100101110010
000000000000000010010111111101
000000000000000000101011110010
000000000000000010110111101001
000000000000000001011111001100
000000000000000010000111001011
000000000000000001011110010100
000000000000000010101110000000
000000000000000000011111000000
000000000000000001111110000000
000000000000000010111100000000
000000000000000001111010000000
000000000000000001111001000000
000000000000000001111011000000
000000000000000011110100000000
000000000001011011110110000000
000000001100010111101000000000
000000000001111111011001000000
000000000101001010100110000000
000000000010110101011001000000
000000000100000010010101000000
