000000000000000000000000000000
000000000000000000000000000000
000000000000000000000000000000
000000000000000000000000000000
000000000000000000000000000000
000000000000000000000000000000
000000000000000000000000000000
000000000000000000000000000000
000000000100101000010001000000
000000001111111111101110000000
000000001111111111111001000000
000000000111111111110100000000
000000001100000011100010000000
000000000111100111110100000000
000000001000000111101001000000
000000000001010111100100000000
000000000010101110010001000000
000000001100001111001110000000
000000000110111110100001000000
000000001001011100001100000000
000000001000111100010010000000
000000000010111001010100000000
000000001101111110100010000000
000000000011110101010000000000
000000000101110100000000000000
000000001000101000000000000000
000000001001100000000000000000
000000000100010100000000000000
000000000001101000000000000000
000000001010010100000000000000
