000000000000000000000000000000
000000000000000000000000000000
000000000000000000000000000000
000000000000000000000000000000
000000000000000000000000000000
000000000000000000000000000000
000000000000000000000000000000
000000000000000000000000000000
000000000101001001101000000000
000000000101010000010101000000
000000001000010110101010000000
000000000101101101001010000000
000000000001001001001001000000
000000001011111111000100000000
000000000111111111101001000000
000000001011111111100100000000
000000000101000111100101000000
000000000010101111110100000000
000000000101001111001010000000
000000001000101110010010000000
000000001011011100100110000000
000000000100011111001000000000
000000000001111100100101000000
000000000010111011001010000000
000000000101111000000000000000
000000001011110100000000000000
000000001001111000000000000000
000000000100000000000000000000
000000000100100000000000000000
000000000110010000000000000000
