000000001001101000011010000000
000000001110001110100001000000
000000000001101001101010000000
000000000111001001001001000000
000000000011010100110000000000
000000000100100011010110000000
000000001011111111111110000000
000000000111111111111111000000
000000000011111111111111000000
000000001011010001011110000000
000000001000010101111110000000
000000000101101000011101000000
000000000110010101011100000000
000000001000001000111101000000
000000000101000101111001000000
000000000000100001111010000000
000000000101100101111001000000
000000000010011011110110000000
000000000101101011111001000000
000000001011000111100000000000
000000000000111111010101000000
000000001111001111011010000000
000000000001011111010111000000
000000000100111110100100000000
000000000011011100000000000000
000000000110011100000000000000
000000000001111000000000000000
000000001011011000000000000000
000000000010100100000000000000
000000001011011000000000000000
