000000000000000000000000000000
000000000000000000000000000000
000000000000000000000000000000
000000000000000000000000000000
000000000000000000000000000000
000000000000000000000000000000
000000000000000000000000000000
000000000000000000000000000000
000000001001001001011000000000
000000000001000010000001000000
000000000010010101111010000000
000000001101001010000000000000
000000000101101001100111000000
000000000010111111111101000000
000000001001111111111011000000
000000000110111111111100000000
000000001101000001110100000000
000000000011001011110101000000
000000001000100011100000000000
000000001010010111100101000000
000000000001011111101001000000
000000000100001111010010000000
000000000001011111001001000000
000000001000011110100100000000
000000001001011100000000000000
000000000010111100000000000000
000000001111001000000000000000
000000001010101000000000000000
000000000010010100000000000000
000000001000100000000000000000
