000000000000000000000000000000
000000000000000000000000000000
000000000000000000000000000000
000000000000000000000000000000
000000000000000000000000000000
000000000000000000000000000000
000000000000000000000000000000
000000000000000000000000000000
000000001001010001010100000000
000000000100100100110000000000
000000000011001010001100000000
000000001011111111110001000000
000000000111111111111100000000
000000001011111111111011000000
000000000110100111110000000000
000000001011001011100101000000
000000000100110111101000000000
000000001011001111000100000000
000000000101011111011011000000
000000000010001110010010000000
000000000001111110100101000000
000000001001011111001000000000
000000000010111100101110000000
000000000100111010010001000000
000000000010111000000000000000
000000001101110100000000000000
000000000001110100000000000000
000000000101010000000000000000
000000001011001000000000000000
000000000101100100000000000000
