000000000000000000000000000000
000000000000000000000000000000
000000000000000000000000000000
000000000000000000000000000000
000000000000000000000000000000
000000000000000000000000000000
000000000000000000000000000000
000000000000000000000000000000
000000000010010100101010000000
000000001001100011010000000000
000000000001000000000001000000
000000001010100001010000000000
000000000111111111101000000000
000000001111111111100001000000
000000000111111111111010000000
000000001001001111101010000000
000000000001010111101100000000
000000000100001111001001000000
000000000001101110100110000000
000000000110101111010010000000
000000001101011101101001000000
000000001011011100000011000000
000000001000111011010010000000
000000000010111110100110000000
000000000011111000000000000000
000000001001110000000000000000
000000000011101100000000000000
000000000001000000000000000000
000000000110010100000000000000
000000001001001000000000000000
