000000000000000000000000000000
000000000000000000000000000000
000000000000000000000000000000
000000000000000000000000000000
000000000000000000000000000000
000000000000000000000000000000
000000000000000000000000000000
000000000000000000000000000000
000000000010101010000100000000
000000000100101001011011000000
000000000011000000100000000000
000000001000110110001011000000
000000000101100001010010000000
000000001011111111101001000000
000000000011111111110110000000
000000001011111111111001000000
000000000001011011101010000000
000000001010100111110110000000
000000000100110111001001000000
000000001001011111101000000000
000000000000101111000100000000
000000000101011110011010000000
000000000110111110100001000000
000000001101111101001010000000
000000000010111000000000000000
000000000101111100000000000000
000000000110010000000000000000
000000001001101000000000000000
000000001001000000000000000000
000000000100010100000000000000
