000000000000000000000000000000
000000000000000000000000000000
000000000000000000000000000000
000000000000000000000000000000
000000000000000000000000000000
000000000000000000000000000000
000000000000000000000000000000
000000000000000000000000000000
000000001010111010001000000000
000000000000101001100001000000
000000000110000101001000000000
000000001000111000010101000000
000000000011111111101100000000
000000000111111111110010000000
000000001011111111110100000000
000000000001010111100010000000
000000001100000111010010000000
000000000010110111110000000000
000000001011001111100010000000
000000000000111110011100000000
000000001111011100100001000000
000000001010011110010010000000
000000000110111001001101000000
000000000000111010100010000000
000000001010110100000000000000
000000001001110000000000000000
000000000001100000000000000000
000000001100101000000000000000
000000000001000000000000000000
000000000010110100000000000000
