000000000001000101101000000100
000000001001000010011010100111
000000000010011110100100011000
000000000101100001001001101011
000000000010111111111111111000
000000000011111111111111111101
000000000101111111111111111011
000000000100000100110011111010
000000000000000000100111110100
000000000000000010001111111010
000000000000000010110011110101
000000000000000010101111101001
000000000000000000010111010110
000000000000000010101111000000
000000000000000001001111101101
000000000000000010111110000001
000000000000000010111111000000
000000000000000001111100000000
000000000000000011111110000000
000000000000000001111101000000
000000000000000011111111000000
000000000000000001111010000000
000000000000000011110011000000
000000000000000011101000000000
000000000100101111101001000000
000000001010010111000010000000
000000000011000111011001000000
000000001000010101001101000000
000000000011000000010100000000
000000000010101000100110000000
