000000000001010000000000100001
000000001100100100000000000110
000000000100000000000000110100
000000001010101100000000000111
000000000001100000000000001001
000000001000001100000000100100
000000000101111111111111011011
000000001011111111111111101000
000000000101111111111111000000
000000000010001000000111000000
000000000001100111001111000000
000000001000001000101110000000
000000000010000101111111000000
000000000000110010011110000000
000000001011010101111100000000
000000000110101010111010000000
000000000001110101111100000000
000000001011001001110010000000
000000000100100111110100000000
000000000001010011100000000000
000000001000001111100111000000
000000000111011111011000000000
000000001000101111000010000000
000000000100101110111101000000
000000000011101110100000000000
000000001000010101101110000000
000000000010100010010001000000
000000001011001100100100000000
000000000001010000011110000000
000000000100010011010001000000
