000000001000010000100001000000
000000000110001001000110000000
000000001001101111011001000000
000000001010000000000101000000
000000000101010110101010000000
000000000100100110010010000000
000000000011111111111100000000
000000000111111111111110000000
000000000111111111111110000000
000000000011010001011110000000
000000001001000010011100000000
000000000101101000111111000000
000000000010010100111000000000
000000001000101000111101000000
000000000101000101111010000000
000000000000100111110010000000
000000000100101011100010000000
000000000001001011101100000000
000000001010111111110010000000
000000000101000111111101000000
000000000010011111101110000000
000000000011001111011001000000
000000000101111110100010000000
000000000000111110101000000000
000000000000111100000000000000
000000000100111100000000000000
000000000110110000000000000000
000000000000010100000000000000
000000001101001000000000000000
000000000100100100000000000000
