000000000000000000000000000000
000000000000000000000000000000
000000000000000000000000000000
000000000000000000000000000000
000000000000000000000000000000
000000000000000000000000000000
000000000000000000000000000000
000000000000000000000000000000
000000000100001000010101000000
000000001010010010111000000000
000000000110000101001101000000
000000000001110001001000000000
000000001011111111110110000000
000000000011111111111000000000
000000001001111111110101000000
000000000100100011110010000000
000000000100110111110100000000
000000000011000011101000000000
000000001100110111101011000000
000000000010110111010100000000
000000001010001111100010000000
000000000000011110001101000000
000000001010111110011101000000
000000000101011100110110000000
000000000001111100000000000000
000000000000111000000000000000
000000000110010000000000000000
000000000001100100000000000000
000000001110100000000000000000
000000000011010000000000000000
