000000000000000000000000000000
000000000000000000000000000000
000000000000000000000000000000
000000000000000000000000000000
000000000000000000000000000000
000000000000000000000000000000
000000000000000000000000000000
000000000000000000000000000000
000000000110001011000110000000
000000001000100001010011000000
000000000111111111110100000000
000000001111111111110111000000
000000000111111111111110000000
000000001010010011110101000000
000000000001001111101010000000
000000000110101111101001000000
000000000010011111000100000000
000000001000111111101010000000
000000001011011111010101000000
000000001010111110100010000000
000000000001011101011001000000
000000001010111101000110000000
000000000100111110110100000000
000000001011111010010101000000
000000000001111000000000000000
000000001011110100000000000000
000000000110110000000000000000
000000001011000100000000000000
000000001000010000000000000000
000000000010100100000000000000
