000000000000000000000000000000
000000000000000000000000000000
000000000000000000000000000000
000000000000000000000000000000
000000000000000000000000000000
000000000000000000000000000000
000000000000000000000000000000
000000000000000000000000000000
000000001111111111111110000000
000000000111111111111111000000
000000001111111111111110000000
000000000010100010001111000000
000000001101000100111111000000
000000000100011001011110000000
000000000010110110011101000000
000000001001001001111000000000
000000000110100001110100000000
000000000100010111110011000000
000000001011111001110110000000
000000001001000111100101000000
000000000110110011011010000000
000000001010011111000001000000
000000001010000111000110000000
000000001101101111000000000000
000000000010011110011010000000
000000000001011101100001000000
000000000010011100010100000000
000000000101101100111000000000
000000001000001011010010000000
000000000010100001100100000000
