000000000000000000000000000000
000000000000000000000000000000
000000000000000000000000000000
000000000000000000000000000000
000000000000000000000000000000
000000000000000000000000000000
000000000000000000000000000000
000000000000000000000000000000
000000000010001000100101000000
000000001100010010000001000000
000000000010101101010010000000
000000001111111111100000000000
000000001111111111111100000000
000000001111111111110010000000
000000000010011111101110000000
000000000100010111000101000000
000000000001001111010100000000
000000000110111110000000000000
000000001011011111101001000000
000000000001011100000100000000
000000001001111111000100000000
000000000110111000111001000000
000000000101111110101001000000
000000001001110110010010000000
000000000101111100000000000000
000000001011100000000000000000
000000000001110100000000000000
000000001100001000000000000000
000000000011101000000000000000
000000000100010000000000000000
