000000000000000000000000000000
000000000000000000000000000000
000000000000000000000000000000
000000000000000000000000000000
000000000000000000000000000000
000000000000000000000000000000
000000000000000000000000000000
000000000000000000000000000000
000000001000010110010010000000
000000000110010001100010000000
000000001001010101001000000000
000000000100001100110100000000
000000000101110010000000000000
000000001011111111010011000000
000000000111111111101001000000
000000000111111111100110000000
000000000010010111010011000000
000000000001001111100110000000
000000001000011110000001000000
000000000010011111101010000000
000000001100011100000100000000
000000000011111101110000000000
000000000100111001001101000000
000000000101111100110101000000
000000000111110000000000000000
000000001011110000000000000000
000000000011110000000000000000
000000001010001000000000000000
000000000110100100000000000000
000000001000010000000000000000
