000000001101110100000000011010
000000000110101000000000000001
000000001000001100000000101110
000000000011010000000000000000
000000000100001100000000010100
000000000100111111111111110001
000000001011111111111111111101
000000001000011111111111110000
000000000000000010010101100000
000000000000000001011011100001
000000000000000000101111101010
000000000000000010000111000000
000000000000000000100111010110
000000000000000010101110100101
000000000000000001001111001010
000000000000000001011100100100
000000000000000010011101000000
000000000000000001111110000000
000000000000000010111011000000
000000000000000001111110000000
000000000000000001111001000000
000000000000000011100101000000
000000000000000011101010000000
000000000000000011111001000000
000000000000010111001010000000
000000000111011011000001000000
000000001000100110110110000000
000000000010010000101100000000
000000000110100001000001000000
000000001000001100111110000000
