000000000000000000000000000000
000000000000000000000000000000
000000000000000000000000000000
000000000000000000000000000000
000000000000000000000000000000
000000000000000000000000000000
000000000000000000000000000000
000000000000000000000000000000
000000000111111111111101000000
000000001111111111111110000000
000000001111111111111100000000
000000000000011000111010000000
000000000001100111110001000000
000000001100101011110101000000
000000000001001111111001000000
000000001000101011100010000000
000000001000000011110010000000
000000000011001111101100000000
000000001100100111100101000000
000000000110011110010001000000
000000001011101110000100000000
000000000110111100010011000000
000000001000011101101100000000
000000000010111001010011000000
000000000100111100000000000000
000000000011111000000000000000
000000001101110100000000000000
000000000000100000000000000000
000000000101001100000000000000
000000001001110000000000000000
