000000000000000000000000000000
000000000000000000000000000000
000000000000000000000000000000
000000000000000000000000000000
000000000000000000000000000000
000000000000000000000000000000
000000000000000000000000000000
000000000000000000000000000000
000000000100101100001010000000
000000001011011001010100000000
000000000101100100101110000000
000000000001101011000000000000
000000001100010101001100000000
000000000011111111110110000000
000000001001111111111001000000
000000000100111111111101000000
000000001010011000111010000000
000000000101100111110110000000
000000001100101001110001000000
000000000011010011111000000000
000000000100001111100011000000
000000000001101111000100000000
000000000100110111110001000000
000000000010101111001000000000
000000000010101111001010000000
000000001000111111010101000000
000000000110111100001010000000
000000000011101001100101000000
000000001000011000001100000000
000000000011010011100010000000
