000000000000100100000000101011
000000001111000000000000001100
000000000000110011111111010101
000000000110100100000000101100
000000000001100100000000010001
000000001011111111111111000010
000000000111111111111111101000
000000000011111111111111100100
000000000000000001010111000000
000000000000000000100111000000
000000000000000001011110000000
000000000000000010011110000000
000000000000000010111110000000
000000000000000001011101000000
000000000000000001111111000000
000000000000000011111000000000
000000000100101001111000000000
000000001001010011110001000000
000000000010110111110100000000
000000000101001011110010000000
000000001101110111100011000000
000000000111010111110101000000
000000001001101111000010000000
000000000011011110010011000000
000000001011011111001001000000
000000000000011111000110000000
000000000110011100010010000000
000000000000101011101000000000
000000000011111000010001000000
000000000100000111100101000000
