000000000000000000000000000000
000000000000000000000000000000
000000000000000000000000000000
000000000000000000000000000000
000000000000000000000000000000
000000000000000000000000000000
000000000000000000000000000000
000000000000000000000000000000
000000000001111111111101000000
000000000111111111111110000000
000000001001111111111110000000
000000000000001010111100000000
000000001101010100111110000000
000000000010010110111010000000
000000001101100001111101000000
000000000001001001111010000000
000000001100101011111010000000
000000000011011011101010000000
000000001100100011101000000000
000000000010000111100010000000
000000001010101111010000000000
000000000010011110100101000000
000000000011011110000010000000
000000000100111110100001000000
000000000100111100000000000000
000000001010001100000000000000
000000000100010000000000000000
000000000011010000000000000000
000000000110100000000000000000
000000000101101000000000000000
