000000000000000000000000000000
000000000000000000000000000000
000000000000000000000000000000
000000000000000000000000000000
000000000000000000000000000000
000000000000000000000000000000
000000000000000000000000000000
000000000000000000000000000000
000000000001011000010100000000
000000000100000011010000000000
000000000010010100101110000000
000000000100100010010001000000
000000000110101010110110000000
000000001001111111101000000000
000000000111111111111001000000
000000001001111111110010000000
000000000010010011101010000000
000000000001000111110101000000
000000001111001111100000000000
000000000000011111000101000000
000000000101011111010100000000
000000001100111110110011000000
000000000010011100001100000000
000000000010111110110010000000
000000000001111100000000000000
000000000010111000000000000000
000000000000110100000000000000
000000001011001000000000000000
000000000000001000000000000000
000000000100010000000000000000
