000000000001101010000010000000
000000000010000000101101000000
000000000101001001001010000000
000000000100011001010110000000
000000001011100001100001000000
000000000000001110010110000000
000000000111111111111110000000
000000000111111111111111000000
000000000011111111111110000000
000000000100000001011110000000
000000001011011100111110000000
000000000000101001011101000000
000000000010010100111010000000
000000001001011011111010000000
000000000101000101111101000000
000000000010101001111001000000
000000001010100011101000000000
000000000111001011100001000000
000000001010101111011000000000
000000001001001111000110000000
000000000110001111001001000000
000000000001101111010101000000
000000001000011101001110000000
000000000001011100010101000000
000000001010111000000000000000
000000000000111000000000000000
000000001010011100000000000000
000000000101000100000000000000
000000000011000000000000000000
000000001000011000000000000000
