000000001100100000010110000000
000000001001001011000000000000
000000000000001010001100000000
000000000110000101010100000000
000000000101000000000110000000
000000000010111001010011000000
000000001011111111111110000000
000000000111111111111111000000
000000000011111111111111000000
000000001101001011101110000000
000000000111010100111101000000
000000000000111011111110000000
000000001100000101111001000000
000000000000101010111110000000
000000001100010101110010000000
000000000001001001111101000000
000000001010010011110100000000
000000000101100111101010000000
000000000110110111101000000000
000000000001000111000100000000
000000000000101111100001000000
000000001001011110010110000000
000000000011011111101001000000
000000000010011110010110000000
000000000010111100000000000000
000000001001001000000000000000
000000001110101000000000000000
000000000011100100000000000000
000000000100101000000000000000
000000001010010100000000000000
