000000001000100000010001000000
000000000101000110001010000000
000000001011011001101101000000
000000000100010110100010000000
000000000101110000111010000000
000000000100101001010010000000
000000001000101111010001000000
000000000011111111111100000000
000000000111111111111111000000
000000000111111111111110000000
000000000011011001011100000000
000000001000001000111111000000
000000000100110001111000000000
000000001011010101111001000000
000000000100101001110110000000
000000001100100111111000000000
000000001010010011110100000000
000000000101000011100001000000
000000001100101111100100000000
000000000101010111011001000000
000000001001101110101010000000
000000000010011111010011000000
000000001000011100001010000000
000000000010111100100101000000
000000000101111100000000000000
000000001100110000000000000000
000000000010100100000000000000
000000000100111000000000000000
000000001011010000000000000000
000000000001011100000000000000
