000000000000000000000000000000
000000000000000000000000000000
000000000000000000000000000000
000000000000000000000000000000
000000000000000000000000000000
000000000000000000000000000000
000000000000000000000000000000
000000000000000000000000000000
000000000100000101000101000000
000000001111111111111000000000
000000001111111111111111000000
000000001111111111111110000000
000000000010110100111011000000
000000001101010101111110000000
000000000010100011111011000000
000000001001001001110000000000
000000001000100011101010000000
000000000101001111100011000000
000000000100110111101001000000
000000000101000111000101000000
000000001010001110001010000000
000000001001011110110010000000
000000001100011111001010000000
000000000101011100010001000000
000000000011111100000000000000
000000000101111100000000000000
000000001001111000000000000000
000000000100111100000000000000
000000000011100000000000000000
000000001000011000000000000000
