000000001010101000000000100100
000000000100010100000000010010
000000001110000000000000001001
000000000100110100000000010110
000000000000000000000000001000
000000001001111100000000110001
000000000011001000000000010100
000000000100111111111111111001
000000000101111111111111110101
000000001010111111111111111100
000000000101100110010111110010
000000000100110000001111100100
000000001001000001101111100010
000000000101001000011110011000
000000001001010010101111001011
000000000110010101011110100100
000000000100100100111101000000
000000001001001011111000000000
000000000010010001111001000000
000000001001101011110110000000
000000000100010001110000000000
000000000010001111111010000000
000000000100101011100000000000
000000000010011111101100000000
000000001001000111001010000000
000000001000001111100100000000
000000000001001111110010000000
000000001110100110001101000000
000000000011101011110100000000
000000001100000000000011000000
