000000000000000000000000000000
000000000000000000000000000000
000000000000000000000000000000
000000000000000000000000000000
000000000000000000000000000000
000000000000000000000000000000
000000000000000000000000000000
000000000000000000000000000000
000000001010001111111100000000
000000000110011111111110000000
000000001011111111111111000000
000000000010111010010111000000
000000000101111000101111000000
000000001000111100111111000000
000000001010111111111110000000
000000000101011111111101000000
000000001000011111111111000000
000000000100111111011111000000
000000000001111001111111000000
000000000101111110000111000000
000000000011110001011111000000
000000001011111010001111000000
000000000001111101111111000000
000000000100111111111111000000
000000001000011111111110000000
000000000111101111111000000000
000000000011000010110110000000
000000001101001100000110000000
000000000110010010001001000000
000000001001010100110110000000
