000000001010100100110110100001
000000000101001001000000000110
000000000100111110011100110000
000000000111000001010100000101
000000001010101000000110001001
000000000100010111010011100100
000000001011100011111110011011
000000000010011111111111101000
000000000001111111111111110100
000000000100111110001011110000
000000000011111000100101110110
000000000100111101001001110100
000000001010111100001011110010
000000000101111111111111110000
000000001010001111111111101001
000000000000101111111111001001
000000000011011111111111100100
000000001000111100011011110001
000000000111111011100111110110
000000000000111010011001111000
000000001110111010001110111001
000000000001111100100101111010
000000001010111001100001111001
000000000001111100000111111010
000000000000011111111111110010
000000000101101111111111100000
000000000101011011111110101100
000000001110110000110100001011
000000000010001110100011010000
000000001010001001000100001111
