000000001011001000001011100001
000000000000010111010000101100
000000000111010111111110000000
000000000101111111111111010110
000000001010111111111111101000
000000000100111001101011100101
000000000011110010010101111010
000000001001111001010011110100
000000001001111001100001110001
000000000101110110010011110101
000000000101111111101111110000
000000000010111111111111101110
000000001101111111111111010010
000000000001111111111111100001
000000001011111101011111110010
000000000101111010100111110110
000000001001111000010001110010
000000000011100100101001111101
000000001011111010100010111010
000000000111100000010100111001
000000000011111110101010111101
000000001011110100100001110000
000000001001111011001011111001
000000000101111111111111110110
000000001010111111111111110011
000000000111010111111101001100
000000000000011110110100101101
000000000001100011001101001011
000000001000010101101001100100
000000000010100110001010001001
