000000001010000010010010000000
000000000100101000010100000000
000000001110001011001001000000
000000000011110001100010000000
000000001001000000010101000000
000000000010011111111001000000
000000001001111111111111000000
000000000101111111111111000000
000000000001110100101111101000
000000001001111001000011100101
000000000101110101001111101000
000000001001110000000111101001
000000000011111110111111100110
000000000001111111111111000001
000000001010011111111101001010
000000000001111111111110000011
000000000011111110101111110100
000000001011110101000111101101
000000000111101000101011100010
000000001011110111100011110101
000000001111101101001001110000
000000000011100110100101110110
000000001111110011001011101101
000000000011111000100111110010
000000000001111111111111110001
000000000100111111111111001001
000000001010101111111101110100
000000000100110001101010001001
000000001100100100001101100010
000000000010011011110010001100
