000000000011010100101001000000
000000001011001001000110000000
000000000100110101001001000000
000000000001100010100110000000
000000000101001101000001000000
000000001011011111111110000000
000000000111111111111111000000
000000000101111111111110000000
000000000011111001001111000000
000000000111110000010111000000
000000000011101010110111000000
000000000011111110101111000000
000000001001111111111110000000
000000000000111111111111000000
000000000100111111111100000000
000000000011111111111110000000
000000000011110010011111000010
000000000111100101001111101001
000000001011110001100111100101
000000000111100100000011101100
000000000111100110110011110101
000000000011101001000111110010
000000000111111001001111001001
000000001011111111111111100100
000000000010111111111111000000
000000001110011111111100000000
000000000001000010101001000000
000000000010101000010000000000
000000000100010101101000000000
000000000101000000000001000000
