000000001010000000001001100100
000000000100100000100100101000
000000000010101001010010010110
000000001110000111111101011010
000000000000111111111111101001
000000000010011111111111110101
000000001100111111001011111010
000000000100111000101001110100
000000000100111110011001110011
000000001001111001000101111110
000000000010111110011011110000
000000001100011111111111101100
000000000101011111111111110010
000000001001001111111111110011
000000001010111111111111101100
000000000011111111010111110010
000000001001111001000001111001
000000001011110110000010111010
000000000101110000110011111100
000000001001111001001000111010
000000001011110000100100111000
000000000101111101111001111010
000000000101111100100111110001
000000000000111111111111110110
000000000100011111111111110011
000000001010101111111110110000
000000000110000101000110000100
000000000100011010110010111010
000000001101000001010100000101
000000000010001000001101111001
