000000000000000000000000000000
000000000000000000000000000000
000000000000000000000000000000
000000000000000000000000000000
000000000000000000000000000000
000000000000000000000000000000
000000000000000000000000000000
000000000000000000000000000000
000000000100100110000010000000
000000001011101111100100000000
000000000001111111111011000000
000000001011111111111000000000
000000000001111100111110000000
000000001101111010111110000000
000000000001111101111110000000
000000000111111111111110000000
000000001010111111111100000000
000000000010111111111001000000
000000001101111111111110000000
000000000011110101011110000000
000000001011101010001111000000
000000000011101101001110000000
000000001011110000101111000000
000000000011111000011110000000
000000000011111111111100000000
000000001000111111111011000000
000000000100011111110110000000
000000000011101010100101000000
000000001101010100101010000000
000000000100110001001101000000
