000000000000000000000000000000
000000000000000000000000000000
000000000000000000000000000000
000000000000000000000000000000
000000000000000000000000000000
000000000000000000000000000000
000000000000000000000000000000
000000000000000000000000000000
000000000010101001010001000000
000000001000000001001110000000
000000000100110101001001000000
000000001011001000100110000000
000000000001111111110000000000
000000000111111111111000000000
000000001011111111110100000000
000000000111100101110000000000
000000000011111011110100000000
000000000101111111110011000000
000000000111111111100101000000
000000000011111111111010000000
000000000111100011111101000000
000000001011101001111101000000
000000000111111001111100000000
000000001011110000111001000000
000000000011111111111001000000
000000000101111111110010000000
000000001010011111000100000000
000000000101010100100001000000
000000001000010001010000000000
000000000010110111001010000000
