000000000000000000000000000000
000000000000000000000000000000
000000000000000000000000000000
000000000000000000000000000000
000000000000000000000000000000
000000000000000000000000000000
000000000000000000000000000000
000000000000000000000000000000
000000000010100110010100000000
000000000101001001000100000000
000000000100001111110101000000
000000000011111111111111000000
000000000010111111111110000000
000000000101111110101111000000
000000001010111100111110000000
000000000010111010001110000000
000000000100111111111111000000
000000000001011111111111000000
000000001010111111111100000000
000000000000111111111111000000
000000000011111000011111000000
000000001001111001101111000000
000000000111111001011111000000
000000000101110010000111000000
000000000001111001001111000000
000000001010111111111110000000
000000000010111111111111000000
000000000010001111111000000000
000000001000011000100010000000
000000000100010110010000000000
