000000000000000000000000000000
000000000000000000000000000000
000000000000000000000000000000
000000000000000000000000000000
000000000000000000000000000000
000000000000000000000000000000
000000000000000000000000000000
000000000000000000000000000000
000000000000110000110100000000
000000001010101110001010000000
000000000000100001011000000000
000000000111010011000101000000
000000000100111110100110000000
000000000011111111010000000000
000000000111111111100110000000
000000000111110111111000000000
000000000111011001111010000000
000000000011110111110100000000
000000001011111111100100000000
000000000101111111001010000000
000000001011111111110000000000
000000001111000111111010000000
000000000111111001110010000000
000000001111100001111001000000
000000001111010011110100000000
000000000111111111111000000000
000000001011111111110101000000
000000000101111111100100000000
000000000010001100001010000000
000000000100110110110101000000
