000000000000000000000000000000
000000000000000000000000000000
000000000000000000000000000000
000000000000000000000000000000
000000000000000000000000000000
000000000000000000000000000000
000000000000000000000000000000
000000000000000000000000000000
000000000010110100110010000000
000000001101001001010010000000
000000000000001010000010000000
000000000011111110101100000000
000000000111111111000101000000
000000000111111111111101000000
000000001111000011110110000000
000000001111010111101001000000
000000000111111111101000000000
000000001111111111100101000000
000000000111111111001010000000
000000001111111111110001000000
000000001110010111100110000000
000000001110111001110000000000
000000001111000101110101000000
000000001110010011110010000000
000000001111111111101000000000
000000000111111111010000000000
000000000011111110111001000000
000000001010001010100101000000
000000000101100010011010000000
000000000111001101100101000000
