000000000011010100000000101000
000000000100101000000000001011
000000000000101000000000010110
000000000101000000000000101001
000000000001001100000000100010
000000001000000111111111001000
000000000111011111111111110010
000000001101111111111111111100
000000000010111101011010111101
000000000011011110100101111011
000000001000011110011001111000
000000000010111101100110111101
000000001100111111011011111100
000000000010111111111111111101
000000001001100111111111100110
000000000100001111111111110000
000000000001001111101111110010
000000000000111111000000111010
000000000100111100110111111110
000000001001111001010001111101
000000000101111001101100111110
000000000011111101000001011110
000000001000111010100010111101
000000000100111110011000011110
000000000100111111100111111100
000000000000111111111111111100
000000001001101111111111110110
000000000011011111111111111011
000000001100010110111101101000
000000000011011000100100011011
