000000000000000000000000000000
000000000000000000000000000000
000000000000000000000000000000
000000000000000000000000000000
000000000000000000000000000000
000000000000000000000000000000
000000000000000000000000000000
000000000000000000000000000000
000000001000100010100100000000
000000000010010111110010000000
000000001001011111111110000000
000000000100011111111111000000
000000000100111100101111000000
000000001010111001000111000000
000000000011111110110111000000
000000001001111111011111000000
000000001000111111111110000010
000000000110001111111101100000
000000001001011111111111011010
000000001010111101001111010001
000000000011111000110111101010
000000001011110110001011100000
000000000101110100100111111011
000000000001110010010011111001
000000000001111011001111000000
000000000110111111111111000000
000000000011011111111111000000
000000001110101111111000000000
000000000001011011100110000000
000000000110001000110001000000
