000000000000000000000000000000
000000000000000000000000000000
000000000000000000000000000000
000000000000000000000000000000
000000000000000000000000000000
000000000000000000000000000000
000000000000000000000000000000
000000000000000000000000000000
000000000100110100110110000000
000000001011001001001000000000
000000000111111111110110000000
000000000011111111111000000000
000000001111111111111001000000
000000000111011100111110000000
000000000111001010111111000000
000000000111101111111000000000
000000000111111111110010000000
000000000111111111111100000000
000000000011111111110110000000
000000000111100001111001000000
000000001111001001111010000000
000000001110100110111100000000
000000001111010000111100000000
000000001110000100011110000000
000000000111000101111001000000
000000001111111111111010000000
000000000011111111110100000000
000000000101111111000001000000
000000000000001001001100000000
000000000010110001000000000000
