000000000000000000000000000000
000000000000000000000000000000
000000000000000000000000000000
000000000000000000000000000000
000000000000000000000000000000
000000000000000000000000000000
000000000000000000000000000000
000000000000000000000000000000
000000001010001101000101000000
000000000101010100001001000000
000000001111111111100010000000
000000000111111111100010000000
000000001111111111111000000000
000000000111000111110111000000
000000001111110001111010000000
000000000111111111110010000000
000000000011111111100010000000
000000001111111111111010000000
000000000111111111111101000000
000000001111010111110000000000
000000001110100101111010000000
000000001110011000111010000000
000000001111000011111110000000
000000001111101001111001000000
000000000111111111111011000000
000000000011111111100000000000
000000001001111111010110000000
000000000001001010001001000000
000000000110100001100010000000
000000001010010110001101000000
