000000000000000000000000000000
000000000000000000000000000000
000000000000000000000000000000
000000000000000000000000000000
000000000000000000000000000000
000000000000000000000000000000
000000000000000000000000000000
000000000000000000000000000000
000000001001001010110000000000
000000000100101000100101000000
000000001011010011001000000000
000000000100111000110110000000
000000001001000110111000000000
000000000111111111000011000000
000000001011111111001000000000
000000000111111111100001000000
000000000111010011101001000000
000000001111001111101000000000
000000000011111111110010000000
000000001111111111001000000000
000000000111111111100100000000
000000001111110011101000000000
000000000111100111110101000000
000000001111011001110110000000
000000000111001011110101000000
000000000111111111100110000000
000000000111111111111010000000
000000000011111110000010000000
000000000100100010110101000000
000000000011110110001010000000
