000000000000000000000000000000
000000000000000000000000000000
000000000000000000000000000000
000000000000000000000000000000
000000000000000000000000000000
000000000000000000000000000000
000000000000000000000000000000
000000000000000000000000000000
000000000001000110010010000000
000000000100011001000100000000
000000000000111111010001000000
000000001111111111101110000000
000000000111111111110100000000
000000001111100111110000000000
000000001110010011101010000000
000000000111101111101001000000
000000000111111111010100000000
000000000111111111100000000000
000000001111111111111010000000
000000001111000011100101000000
000000001110011111110110000000
000000001111100011111011000000
000000001110010111101100000000
000000001111111111110110000000
000000000111111111001101000000
000000001001111111001010000000
000000000010011111000001000000
000000001001100010100100000000
000000000100011101000110000000
000000000101100010101101000000
