000000000000000000000000000000
000000000000000000000000000000
000000000000000000000000000000
000000000000000000000000000000
000000000000000000000000000000
000000000000000000000000000000
000000000000000000000000000000
000000000000000000000000000000
000000000110111111100101000000
000000001011111111111000000000
000000000111111111111011000000
000000001111100010111100000000
000000000111011001111110000000
000000000111000100111000000000
000000001011111011111110000000
000000000111111111111000000000
000000000011111111100011000000
000000000111111111111000000000
000000001111101101111101000000
000000001111111001111110000000
000000001110010100011110000000
000000001110100001011101000000
000000001111110110011110000000
000000000111000100111101000000
000000001111111111111010000000
000000000111111111110100000000
000000000000111111101010000000
000000001001101100010000000000
000000000001110001000110000000
000000000100110110011101000000
