000000000000000000000000000000
000000000000000000000000000000
000000000000000000000000000000
000000000000000000000000000000
000000000000000000000000000000
000000000000000000000000000000
000000000000000000000000000000
000000000000000000000000000000
000000001010100000010101000000
000000001000100000010001000000
000000000111011001101110000000
000000001000100000010001000000
000000001000110110110001000000
000000001001001111001001000000
000000000011111111111100000000
000000000101111111111010000000
000000001001111011111011000000
000000000101110101111100000000
000000001000111111111001000000
000000001010111111110100000000
000000000110111111111011000000
000000000001111101111100000000
000000000001111001111110000000
000000000101111100011110000000
000000000001111000111110000000
000000000001111111111001000000
000000000100111111111010000000
000000001010111111101010000000
000000000000010100100101000000
000000001001001001001000000000
