000000000100100100110010011011
000000000101010101101000100010
000000001010011000100110011001
000000000101000101011001110100
000000001010010100111000001110
000000000001011010000101100101
000000001001001011111110011000
000000000100101111111111101100
000000000110111111111111110001
000000001100111111000101111010
000000000010111100100001110110
000000001010011110010111111001
000000000001111101001001110001
000000001010011111100111110100
000000000110101111111111101000
000000000100001111111111100100
000000000100001111111111110000
000000001011011111000011110101
000000000100111100010101111001
000000000000111111001000111110
000000000010111000110001111001
000000001000111111000110111101
000000000100111000011000111100
000000001001111010100110111101
000000000011111111010001111100
000000001100111111111111110001
000000000001001111111111101100
000000001010101011111110000000
000000001001000110011011110111
000000000100111001100000000010
