000000000000000000000000000000
000000000000000000000000000000
000000000000000000000000000000
000000000000000000000000000000
000000000000000000000000000000
000000000000000000000000000000
000000000000000000000000000000
000000000000000000000000000000
000000001001010111110010000000
000000000010111111111100000000
000000000011111111111111000000
000000001101111100111110000000
000000000000111110011111000000
000000000010111101001110000000
000000000010111111111110000000
000000000101011111111100000000
000000000100111111111110000000
000000000001111111111111000000
000000000111111010101111000000
000000000001110000010111000000
000000001101111001000111000000
000000001011110001100111000000
000000000101111001001111000000
000000001011111111111110000000
000000000100011111111100000000
000000000001001111111001000000
000000001001001101001010000000
000000001101000001000110000000
000000000100110100101001000000
000000000101001110100110000000
