000000000001011010010010000000
000000000001101000110010000000
000000000100010100001000000000
000000001000000100000111000000
000000001010101111111001000000
000000000101111111111110000000
000000000000111111111111000000
000000000011111100001111000000
000000000111110100100111110111
000000001001111001011011110110
000000000101111110100111101001
000000000101111010110111101010
000000000011111111111111000001
000000000110111111111110101101
000000001001011111111110000000
000000000100111111111111100101
000000000111111001000111111010
000000001011110100011011100100
000000000011110000000101111010
000000001011101000000011110100
000000000011100000000011111001
000000001111101000000101110110
000000000111110000011011111100
000000001011111001000111100001
000000000001111111111111110011
000000001001111111111111001100
000000000011001111111100101101
000000001110010000110010001011
000000000110100111101000100100
000000000101001000010101001001
