000000000000000000000000000000
000000000000000000000000000000
000000000000000000000000000000
000000000000000000000000000000
000000000000000000000000000000
000000000000000000000000000000
000000000000000000000000000000
000000000000000000000000000000
000000000100010000010001000000
000000000100011001011010000000
000000000101100010100110000000
000000000011011000010000000000
000000001001111101000001000000
000000000111111111011011000000
000000001111111111000010000000
000000001110100111101001000000
000000001111110111101001000000
000000000111111111101001000000
000000001111111111010010000000
000000001111111111001010000000
000000001111100111100001000000
000000001110011111110110000000
000000001111001011100101000000
000000001110110111110100000000
000000001111111111010010000000
000000000111111111010100000000
000000000101111111101010000000
000000001011000000001101000000
000000000100110110100000000000
000000000011010000010001000000
