000000001001000010100100000000
000000000110000101010101000000
000000000100011001001100000000
000000000001101010100101000000
000000001010010001011010000000
000000000100101100100011000000
000000000100011111110000000000
000000001011111111111110000000
000000000111111111111100000000
000000001011101100011110000000
000000000111100001011110000000
000000001111001101101111000000
000000001111110000011110000000
000000001011111111111100000000
000000000101111111111100000000
000000001001111111111000000000
000000000111111111111101000000
000000001111101001011110000000
000000000111010000001110000000
000000001111100111001111000000
000000000111001000010111000000
000000000111010011100111000000
000000000111100100111111000000
000000000111101010011110000000
000000001011111111111110000000
000000000111111111111100000000
000000000001111111111001000000
000000000110010010101101000000
000000000000000101100011000000
000000001001110010011010000000
