000000000000000000000000000000
000000000000000000000000000000
000000000000000000000000000000
000000000000000000000000000000
000000000000000000000000000000
000000000000000000000000000000
000000000000000000000000000000
000000000000000000000000000000
000000001010110010010001000000
000000000100001001001010000000
000000000100110100010100000000
000000000011001111000011000000
000000001001111111111000000000
000000000001111111111101000000
000000001101110001111101000000
000000000011110111011110000000
000000000111111001111010000000
000000000001111111111000000000
000000000010111111111001000000
000000001001111111111100000000
000000000101110000111100000000
000000000011111101011111000000
000000001011110000011100000000
000000000111101010011110000000
000000000011110100011100000000
000000000011111111111110000000
000000000000111111111101000000
000000000010011111110001000000
000000000101001000100100000000
000000001010001010011110000000
