000000000101101110100100100100
000000001100010001011010101001
000000000101110110100110010010
000000000010100010101001101010
000000000110010111111110100101
000000001001011111111111100101
000000001010111111111111111010
000000000110111001010111110100
000000000100111110010101111100
000000001000111001110001110001
000000001111111110001101111001
000000000000111110100011110000
000000001010111111111111111111
000000000100111111111111100000
000000001000001111111111101001
000000000010111111001111110011
000000000100111100101001111001
000000001011111101000111111000
000000001101111000001001111110
000000000011110101100101111001
000000001101110010011000111100
000000001011111001001001111010
000000000011111100010100111010
000000000011111100100111111100
000000001000111111111111110111
000000000110011111111111101001
000000001000010111111111011110
000000000010100000100100000010
000000001010011111101001101110
000000000100001000000001011001
