000000000000000000000000000000
000000000000000000000000000000
000000000000000000000000000000
000000000000000000000000000000
000000000000000000000000000000
000000000000000000000000000000
000000000000000000000000000000
000000000000000000000000000000
000000000100110101001001000000
000000000010010100101100000000
000000001001100001000001000000
000000000100010100010000000000
000000000101111010110010000000
000000000011111111000101000000
000000000111111111110001000000
000000000111101111001110000000
000000001111111111000110000000
000000000011111111001000000000
000000001111111111100010000000
000000000111111111010100000000
000000000111110111100001000000
000000001111001011110001000000
000000001111100111100100000000
000000000111111111110011000000
000000001111111111001010000000
000000000011111110100100000000
000000001010011110001010000000
000000000100110001100001000000
000000000001000000111100000000
000000001101101110000101000000
