000000000000000000000000000000
000000000000000000000000000000
000000000000000000000000000000
000000000000000000000000000000
000000000000000000000000000000
000000000000000000000000000000
000000000000000000000000000000
000000000000000000000000000000
000000000111100110000001000000
000000001000001001010110000000
000000000111110100100001000000
000000001000000000011010000000
000000001011011111100100000000
000000000100111111111001000000
000000001001111111111110000000
000000000011111000111000000000
000000001011111000111000000000
000000000100111111111011000000
000000000100111111110100000000
000000001011111111111101000000
000000001001111000111100000000
000000000111110100111110000000
000000001001111010111101000000
000000000101110001111100000000
000000000101111111111101000000
000000001101111111111000000000
000000001000011111110011000000
000000000110000011010100000000
000000000100100110100010000000
000000000010010000101000000000
