000000000000000000000000000000
000000000000000000000000000000
000000000000000000000000000000
000000000000000000000000000000
000000000000000000000000000000
000000000000000000000000000000
000000000000000000000000000000
000000000000000000000000000000
000000000011000100101000000000
000000001000101001000101000000
000000001011001011001100000000
000000001001001001010001000000
000000000100010110100100000000
000000000011111111001100000000
000000001101111111110010000000
000000000011111111110100000000
000000001011100011110101000000
000000000111111111110010000000
000000000101111111100101000000
000000001011111111100011000000
000000000111111111111010000000
000000001011100101110110000000
000000000111100011110101000000
000000001011110001110000000000
000000000111111111110100000000
000000000011111111110010000000
000000001010111111001100000000
000000000001010010100100000000
000000000101000101010001000000
000000000000110011001100000000
