000000000000110101001001001001
000000000101000010110010100000
000000001001011010000010011001
000000000010101001011010010100
000000000010000110100001011010
000000000001011111111110000101
000000001000111111111111111010
000000000001111111111111100100
000000000101111001011011110100
000000001101110110001111100101
000000000011111001110111101010
000000001001110010000011101001
000000001001111101101111101110
000000000000111111111111100000
000000000100111111111110001011
000000000011011111111110010100
000000000100111111011111001001
000000000011111000011011100110
000000001011111011001011110000
000000000011101010100101110101
000000001011110100110011110011
000000000011100101001111111100
000000001011100000100011110010
000000000011110101001001111100
000000000111111110000111110000
000000000011111111111111100010
000000000100111111111111110000
000000000000001111111100101101
000000000100111000110101010100
000000001000000110011001010011
