000000000000000000000000000000
000000000000000000000000000000
000000000000000000000000000000
000000000000000000000000000000
000000000000000000000000000000
000000000000000000000000000000
000000000000000000000000000000
000000000000000000000000000000
000000000001001000100010000000
000000000101111011000000000000
000000000101001100110010000000
000000001010000010001000000000
000000000001011111101100000000
000000000101111111010001000000
000000001011111111101100000000
000000000011100111110010000000
000000001111110111100110000000
000000000011101011111001000000
000000001011101111100000000000
000000001011111111111000000000
000000000001111111100101000000
000000000111011111110101000000
000000000011111111101010000000
000000001011111111000101000000
000000001011111111000101000000
000000000100111110010110000000
000000000101001101010001000000
000000000110001010001000000000
000000001001110101001010000000
000000000101001000001101000000
