000000000000000000000000000000
000000000000000000000000000000
000000000000000000000000000000
000000000000000000000000000000
000000000000000000000000000000
000000000000000000000000000000
000000000000000000000000000000
000000000000000000000000000000
000000001010100101011001000000
000000000000000011100100000000
000000000011111111001001000000
000000001011111111100110000000
000000000111111111110010000000
000000000111001111110010000000
000000001111100101110101000000
000000001110011011111000000000
000000001110010011111001000000
000000000111000111111100000000
000000001111101011111010000000
000000000111111111111000000000
000000000111111111111101000000
000000001000111111110110000000
000000000101001111111001000000
000000001111110001111101000000
000000000111100111110100000000
000000000111111111100100000000
000000001011111111001001000000
000000000011111111010000000000
000000000010101110101100000000
000000001000110011100001000000
