000000000000000000000000000000
000000000000000000000000000000
000000000000000000000000000000
000000000000000000000000000000
000000000000000000000000000000
000000000000000000000000000000
000000000000000000000000000000
000000000000000000000000000000
000000001011011110011010000000
000000000001111111110100000000
000000000111111111111010000000
000000000111101001111101000000
000000000111010101111101000000
000000001111000011011110000000
000000001111011001011100000000
000000001111101000011101000000
000000000111011001111100000000
000000000111100010111100000000
000000001111111111111110000000
000000000011111111111100000000
000000001010111111111100000000
000000000001110110111100000000
000000001110001001111010000000
000000000111010110111101000000
000000001111100101111100000000
000000000111111111110011000000
000000000011111111110110000000
000000000011011111001000000000
000000000100110010010001000000
000000000100100100101000000000
