000000000000000000000000000000
000000000000000000000000000000
000000000000000000000000000000
000000000000000000000000000000
000000000000000000000000000000
000000000000000000000000000000
000000000000000000000000000000
000000000000000000000000000000
000000001101001001101100000000
000000000010010101010001000000
000000001000100110110100000000
000000000110001101000001000000
000000001010111111010100000000
000000000111111111100001000000
000000001011111111100101000000
000000000111100011110110000000
000000000111101011111000000000
000000000111110101110110000000
000000001011111111111000000000
000000000101111111110110000000
000000001001111111110100000000
000000000011001111101011000000
000000000011110011111010000000
000000001011111111100100000000
000000001011111111000101000000
000000000101111111001010000000
000000001110001001000001000000
000000000001011100100110000000
000000001001010000000011000000
000000000110001010001101000000
