000000000000000000000000000000
000000000000000000000000000000
000000000000000000000000000000
000000000000000000000000000000
000000000000000000000000000000
000000000000000000000000000000
000000000000000000000000000000
000000000000000000000000000000
000000000010011000000110000000
000000000001111111010001000000
000000001011111111111001000000
000000000111110111110000000000
000000000111000111111101000000
000000001111110001110101000000
000000001111001001111010000000
000000001110101011110100000000
000000000111010011110100000000
000000000111111111111010000000
000000000111111111110000000000
000000001001111111111011000000
000000001001101001110000000000
000000000111001001110011000000
000000001111010111110010000000
000000000111111111100101000000
000000000011111111010010000000
000000001101111110100001000000
000000000010110101100000000000
000000001000100000100101000000
000000000010001010011010000000
000000001101100001001001000000
