000000000100100100001010000000
000000001001001010100100000000
000000000010010001000101000000
000000001101101110101110000000
000000000100010000010010000000
000000001010001111010100000000
000000001100101000000100000000
000000000010110111100001000000
000000001010111111111000000000
000000000101111111111101000000
000000000101111101111100000000
000000000011111011011111000000
000000001111100001001111000000
000000000111101111111110000000
000000001111110000001111000000
000000000011100101011111000000
000000000011110001001110000000
000000000011110101011111000000
000000001001111111111111000000
000000001010111111111110000000
000000001001011111111111000000
000000000010010110101110000000
000000000101100001001111000000
000000000011101010011110000000
000000000011110110111100000000
000000000001111111111011000000
000000000001111111111100000000
000000001110001111111101000000
000000001011011000100010000000
000000000100010101000000000000
