000000000110100000110100000000
000000000001001001010001000000
000000001010001111110000000000
000000000110111111111101000000
000000001011111111111110000000
000000000111111101011111000000
000000000111110001001111000000
000000000011100101011111000000
000000000111100110010011010010
000000000111010001001111101000
000000001111101000100111101010
000000000111000111011011110101
000000001111110000010111101000
000000001011110001101111110010
000000000011111000011111101101
000000001001111111111111100011
000000000010111111111111100010
000000000001001111110011100101
000000000110000110100111010011
000000000100111100101111111101
000000001001010001010111000000
000000000111101100101111001110
000000000001110010011110100010
000000001001111111111101001011
000000001010111111111110000000
000000000100111111110110000000
000000000011001110001001000000
000000001000100001001110000000
000000000010101001101001000000
000000000101010100000010000000
