000000000011010001001101000000
000000000100011010100100000000
000000001010100100110011000000
000000000100100010001000000000
000000000001000101110010000000
000000001000001010010011000000
000000000111100111111010000000
000000001000101111111111000000
000000001101011111111111100000
000000001010111110011111100101
000000000101111100101011101001
000000001001111010100111110010
000000001001110100011111100111
000000000011110000101001110000
000000000011110110010011110110
000000000101111001101111111000
000000000010111000101111110000
000000000100111111011111110100
000000000000111111111111110011
000000000101001111111111111100
000000001010100001101111100000
000000000110011111011011101011
000000000000111000101111101100
000000000110111110100111110001
000000001101111100111111000000
000000000100111111111111000000
000000001010111111111110000000
000000000001001111110110000000
000000000011001000110001000000
000000001100100110101100000000
