000000000000000000000000000000
000000000000000000000000000000
000000000000000000000000000000
000000000000000000000000000000
000000000000000000000000000000
000000000000000000000000000000
000000000000000000000000000000
000000000000000000000000000000
000000000000101001010101000000
000000001010100001000010000000
000000000101000110011001000000
000000001010011111100010000000
000000000010011111110000000000
000000001101111111111001000000
000000001011111011111010000000
000000000011110110111101000000
000000000011111011011101000000
000000000101110000011111000000
000000000001111101111110000000
000000000110111111111101000000
000000000100111111111110000000
000000000011001111111110000000
000000001100101010111101000000
000000000001110000111010000000
000000001001111111111000000000
000000000100111111110110000000
000000000010111111101000000000
000000001000010100011001000000
000000001010101010000000000000
000000000101101000110101000000
