000000000000000000000000000000
000000000000000000000000000000
000000000000000000000000000000
000000000000000000000000000000
000000000000000000000000000000
000000000000000000000000000000
000000000000000000000000000000
000000000000000000000000000000
000000001000100000010001000000
000000000101001111001010000000
000000000100111111110010000000
000000000101111111111010000000
000000000011111111111100000000
000000001011110000111101000000
000000000111101111011110000000
000000001011110000111101000000
000000000111100000111110000000
000000000011110100111100000000
000000000111111111111111000000
000000000001111111111100000000
000000000010011111111101000000
000000000101100100011110000000
000000000101110010111100000000
000000001011111001111101000000
000000001101111111111101000000
000000000011111111110100000000
000000001000111111011001000000
000000000100010111000100000000
000000000011000000110001000000
000000001000011010101100000000
