000000001001011010100000011010
000000000001001011001010010010
000000001100000101011001100000
000000001001111011111111011110
000000000110000111111111100001
000000001001111111111111111110
000000000001011110001001111010
000000000100111101000101111100
000000001000111101000010111011
000000000110111000111100111100
000000001001111111000011111101
000000001101111010100101111100
000000000010111100000000111100
000000000001111101111110111111
000000001001011111000011111101
000000000010101111111111111100
000000000101011111111111111101
000000001000000110111100111110
000000000101010110010101111000
000000001010000000000000111100
000000000111101101001010111101
000000000100111111000011110100
000000000111011111101111111010
000000001001101111111111100100
000000000001001111111111110010
000000000001011001111101011010
000000001000100111010010100100
000000000010010000000010001001
000000000100100001011110000100
000000000000101110010001110100
