000000001010010000010010000000
000000001100000100001000000000
000000000010011010100101000000
000000000100101001000001000000
000000001001011000001110000000
000000000010100001110001000000
000000000001011111111110000000
000000000100100111111111000000
000000000100111111111111101011
000000000010011110010011110010
000000000101111110000001111100
000000000010111000010111110010
000000001001111101010101111000
000000000100111010001011111101
000000000000111101101101111110
000000001010111010100011111001
000000001010111101000111111101
000000000100011111111111111100
000000001010101111111111111010
000000000000011111111110111101
000000001001000101111001110010
000000000100101010010111110100
000000000010001001100101110010
000000001000011110000011110010
000000000010011111001111100100
000000001001011111111111111010
000000000010001111111111000101
000000001001001011111101011010
000000000101001010100000010100
000000000101010101010011011001
