000000000000000000000000000000
000000000000000000000000000000
000000000000000000000000000000
000000000000000000000000000000
000000000000000000000000000000
000000000000000000000000000000
000000000000000000000000000000
000000000000000000000000000000
000000000010100110100100000000
000000001100111111111001000000
000000000010111111110010000000
000000001011111001111110000000
000000000011111010011110000000
000000001011100000011101000000
000000000111100100111100000000
000000000111011001001110000000
000000001011101001011111000000
000000000111111010011110000000
000000001011111001111111000000
000000000001111111111110000000
000000001010111111111110000000
000000000100011110011110000000
000000001010010000011100000000
000000001001100100111101000000
000000000111110000111000000000
000000001011111111111100000000
000000000101111111110011000000
000000000011011111100110000000
000000000101001001011000000000
000000000010000110101011000000
