000000000000000000101010000000
000000000000000001010100000000
000000000000000000110001000000
000000000000000011000110000000
000000000000000001001001000000
000000000000000010010000000000
000000000000000010101010000000
000000000000000011101001000000
000000001100001111111100000000
000000000001111111111111000000
000000001101111110111111000000
000000001000111101011110000000
000000001101111010101111000000
000000000101111000101111000000
000000000001111110110111000000
000000001011111000101111000000
000000000101111110111111000000
000000001011111111111111000000
000000001000011111111111000000
000000000010101111111111000000
000000001010100100101111000000
000000000100111001111110000000
000000001010111010011111000000
000000000101111111111100000000
000000001000011111111110000000
000000000111101111110000000000
000000000001000000100011000000
000000001101001001011010000000
000000000110010010100101000000
000000001001010101001100000000
