000000000110010000001101000000
000000001001010001110110000000
000000000101001100000101000000
000000001010100100000111000000
000000000010001110001000000000
000000001010111111110101000000
000000000101111111111000000000
000000001011111111111110000000
000000000111101001011100000000
000000001111010001011110000000
000000000111010100111111000000
000000001111011001001110000000
000000000111000111011111000000
000000000111110101101110000000
000000001111100100011111000000
000000001011111010111110000000
000000000101111111111110000000
000000000100111111111110000000
000000000010111111101110000000
000000000100011100111110000000
000000001001000001011101000000
000000000111110010011110000000
000000001011101110111101000000
000000000111111111111010000000
000000000101111111110000000000
000000000011011111011010000000
000000000100100110101000000000
000000000000010001010010000000
000000000111000111101001000000
000000000000101000100101000000
