000000000000000000000000000000
000000000000000000000000000000
000000000000000000000000000000
000000000000000000000000000000
000000000000000000000000000000
000000000000000000000000000000
000000000000000000000000000000
000000000000000000000000000000
000000000000010110100000000000
000000000000111001110000000000
000000001101001001001011000000
000000000100110110110010000000
000000001100011111100011000000
000000000010011111100100000000
000000001001111111111001000000
000000000011111001111100000000
000000001001110001111000000000
000000000001110100111111000000
000000000011110010111000000000
000000000011111111111110000000
000000001000111111111001000000
000000000011011111111010000000
000000000101100010111100000000
000000001011111001111001000000
000000000011111111111010000000
000000000101111111110010000000
000000001000111111011001000000
000000000111000000001100000000
000000000100100110110011000000
000000000100001001101100000000
