000000000000000000000000000000
000000000000000000000000000000
000000000000000000000000000000
000000000000000000000000000000
000000000000000000000000000000
000000000000000000000000000000
000000000000000000000000000000
000000000000000000000000000000
000000001000100111010000000000
000000000101011111110001000000
000000000100111111111010000000
000000001011111111111111000000
000000000001111101111100000000
000000001011100010011100000000
000000001011110100011101000000
000000000111101001011110000000
000000000011111001011110000000
000000001001111111111101000000
000000000110111111111110000000
000000000001111111111101000000
000000001010011001011110000000
000000000101110110011100000000
000000000001110100111101000000
000000000101111111111010000000
000000000000111111110010000000
000000000110011111001000000000
000000000101000001101001000000
000000000110110101010100000000
000000001000010000100000000000
000000000101001111110011000000
