000000000000000000000000000000
000000000000000000000000000000
000000000000000000000000000000
000000000000000000000000000000
000000000000000000000000000000
000000000000000000000000000000
000000000000000000000000000000
000000000000000000000000000000
000000000110100101010100000000
000000000100111111101001000000
000000000101111111100110000000
000000000011111111110001000000
000000001111100111111101000000
000000000111101001111010000000
000000000111100100111010000000
000000001111001010111110000000
000000001111100111111101000000
000000000111111111111000000000
000000000001111111111110000000
000000001011111111111100000000
000000000100000101111011000000
000000001001100011110100000000
000000000111111101111001000000
000000001011111111100100000000
000000000101111111111010000000
000000001010111110100101000000
000000000100100011000100000000
000000000110110100110100000000
000000001011000110000001000000
000000000100111000010010000000
