000000000011010001000010001011
000000000101001010100101010010
000000000001011001111110011010
000000000010000010000001000001
000000000010101011111111010101
000000001000010111111111101000
000000000111011111111111111011
000000000000011111000011111000
000000000001111100101000111110
000000000100111101011101111100
000000001010111001100000111000
000000001011111010010011111101
000000001000111100100100111110
000000000011111111101001111110
000000000100011100001010111100
000000000011011110000111111101
000000000001001111111111111110
000000001100101111111111111011
000000000010001101111110111110
000000000100011000001101111001
000000001001000110100011111010
000000000100101101010010111100
000000001000011110110001110010
000000001010111110001111111100
000000000101001111111111111010
000000001001111111111111100101
000000000110000001111101011010
000000001101101001000100011101
000000001011001010110011100001
000000000101110101000010001101
