000000001010100001000000000000
000000000010001100100100000000
000000001100110010000010000000
000000001011001000001110000000
000000000001101011010001000000
000000000110010000101001000000
000000001001100111111110000000
000000000100001111111111000000
000000000100011111111111110010
000000001011111110000111100000
000000000001111000100111111101
000000001000111101000101110001
000000000100111000011001111010
000000001010111111010101110010
000000001010111000011011110001
000000000100111101000011111010
000000000101011111011111110010
000000001000101111111111110110
000000001010010111111111111010
000000000111000101111011110011
000000000100100010110011110000
000000001010011000001011101010
000000001001011101001111110000
000000000101011101011111100100
000000001001111111111111000000
000000000000011111111111000000
000000000110000011111001000000
000000000001110101001010000000
000000001110010110010100000000
000000000001001000010011000000
