000000000000000000000000000000
000000000000000000000000000000
000000000000000000000000000000
000000000000000000000000000000
000000000000000000000000000000
000000000000000000000000000000
000000000000000000000000000000
000000000000000000000000000000
000000001001001111111010000000
000000000101011111111001000000
000000001000111111111111000000
000000000101111000111110000000
000000001011111010001111000000
000000000001110100100111000000
000000001011110101001111000000
000000000101111010100111000000
000000000101111000100111000000
000000000001111110001111000000
000000000100111111111111000000
000000000101011111111111000000
000000001010011111111111000000
000000000001011011001111000000
000000000110100100011111000000
000000000001110011011111000000
000000000101111110111110000000
000000001100111111111101000000
000000000010111111111110000000
000000000001101111110001000000
000000000010110010110010000000
000000000001011001001010000000
