000000000000000000010100000000
000000000000000001001010000000
000000000000000000110010000000
000000000000000010000010000000
000000000000000001000101000000
000000000000000000110010000000
000000000000000010010001000000
000000000000000011100100000000
000000000001011111111100000100
000000001010111111111111100010
000000000101111111111111000101
000000001001111000111111001010
000000000111111111100111000001
000000001001110000001111001110
000000000011110101101111111001
000000000101110100010111100101
000000000101110101010111100011
000000000001111010011111111000
000000000100111111111111110011
000000001001011111111111101010
000000000000001111111111010101
000000000110110000110111101100
000000001000101100100111000101
000000000101111001011111010100
000000000101111000111111000000
000000000001111111111110000000
000000001010111111111100000000
000000001000101111110101000000
000000000110100111100001000000
000000001100110100001100000000
