000000000100010010010010000000
000000000101100110100001000000
000000001010001000100100000000
000000001001100111001101000000
000000000110010001110010000000
000000000100101111010111000000
000000000001011111111001000000
000000000100111111111000000000
000000000101111111111110000000
000000000011111001011110000000
000000001011110101001111000000
000000000111110010011110000000
000000000011101010111111000000
000000001011100101011110000000
000000000011111010011111000000
000000001011110001011110000000
000000000001111111111110000000
000000000101111111111110000000
000000000100111111111110000000
000000001000000000001111000000
000000000101110100111110000000
000000001011101011011111000000
000000000011111000111101000000
000000000001111111111010000000
000000000101111111111101000000
000000001010011111110010000000
000000000001001001001100000000
000000000101001011100011000000
000000000000110100011100000000
000000000110000101011011000000
