000000000000000000000000000000
000000000000000000000000000000
000000000000000000000000000000
000000000000000000000000000000
000000000000000000000000000000
000000000000000000000000000000
000000000000000000000000000000
000000000000000000000000000000
000000001010010000101001000000
000000000000001111010110000000
000000000100111111101011000000
000000001011111111111100000000
000000000001111000111001000000
000000001011100011111110000000
000000000111111100111101000000
000000000011100011011110000000
000000000011110101111101000000
000000000011111111111110000000
000000000100111111111101000000
000000000111111111111110000000
000000001001010110111101000000
000000000101101000111001000000
000000001011110001111110000000
000000000011111111111000000000
000000000101111111110000000000
000000001010011111001000000000
000000000001110110101010000000
000000000100110110010101000000
000000001001000000100000000000
000000000100010111001110000000
