000000000000110001011000000000
000000000110000110100101000000
000000000000011000101000000000
000000001111000010100111000000
000000001000110101100010000000
000000000101011010011000000000
000000000001101111110001000000
000000001001011111111000000000
000000000011111111111100000000
000000001011111110011110000000
000000001011101010001110000000
000000001011101001111111000000
000000000111110000000111000000
000000001011101110111111000000
000000000111111000010111000000
000000001011100001101111000000
000000000011111000111111000000
000000001001111111111111000000
000000000101011111111111000000
000000000000100111100111000000
000000000101001001011110000000
000000000001110010111110000000
000000000111110100001111000000
000000000101111001111100000000
000000000111111111111100000000
000000001001111111111010000000
000000001001101111110000000000
000000000100001110010011000000
000000000101001001000000000000
000000000000010101001110000000
