000000000000000000000000000000
000000000000000000000000000000
000000000000000000000000000000
000000000000000000000000000000
000000000000000000000000000000
000000000000000000000000000000
000000000000000000000000000000
000000000000000000000000000000
000000001010100101001000000000
000000000100011001100101000000
000000000000111110010010000000
000000001111111110101000000000
000000000111111111100101000000
000000000111100111111010000000
000000001110100111111000000000
000000001111001001110100000000
000000001110010011110011000000
000000001111101011110000000000
000000001111111111110110000000
000000000011111111110001000000
000000001011111111110110000000
000000000100111111111001000000
000000000011010011100010000000
000000000111001111101001000000
000000000111111111010010000000
000000001111111111000101000000
000000000001111110101000000000
000000000101100100001101000000
000000001010100010100000000000
000000001001100101010000000000
