000000000000000000000000000000
000000000000000000000000000000
000000000000000000000000000000
000000000000000000000000000000
000000000000000000000000000000
000000000000000000000000000000
000000000000000000000000000000
000000000000000000000000000000
000000000100110100010001000000
000000000000001010000110000000
000000001001010010100000000000
000000000010000011010110000000
000000001100111111111000000000
000000000011111111100100000000
000000000011111111111011000000
000000001011110101111000000000
000000000011101000111000000000
000000001011100101111010000000
000000000011110010111010000000
000000000111111001111101000000
000000000001111111111000000000
000000001010111111111110000000
000000000100111111111000000000
000000000010100101111010000000
000000000101110011111101000000
000000001001111111110000000000
000000000011111111110110000000
000000001101011111010100000000
000000000100111001010010000000
000000001100100100001001000000
