000000001010011001100100110000
000000000100000110010101010100
000000001010100101110110000000
000000001001001111111110111101
000000000101011111111111000011
000000001000111111101111110100
000000000010111101001011111001
000000000100111100001001110010
000000001011111000101001111010
000000000011111110010011110110
000000001001110001101000111001
000000000111111100100011111000
000000001001111011011101111101
000000001011111100000011111000
000000000010111111010111111101
000000001100011111111111111100
000000000100111111111111111010
000000000001001111111111110100
000000000011110101011011110010
000000000100011010101011111101
000000001001010001000101111000
000000000110111110001011110010
000000000010111100100111100101
000000000001011111111111011010
000000001100101111111111000000
000000000010110011111001000000
000000000010100100100110000000
000000001100000010101001000000
000000000101010100010010000000
000000001001001001001011000000
