000000000100100010110010000000
000000001011001001001000000000
000000000000110010001011000000
000000001010001000111000000000
000000000001101010000110000000
000000000110010110111001000000
000000000010111110101100000000
000000001001111111110010000000
000000001011111111111101000000
000000000111111101111100000000
000000001111010001111000000000
000000001111011010011110000000
000000001111100001111100000000
000000001111000101011101000000
000000001111110000111110000000
000000000111100110111101000000
000000001011111111111110000000
000000000101111111111100000000
000000000010111111111111000000
000000001101000110111110000000
000000000000010101111111000000
000000000011000010111000000000
000000001111111001111101000000
000000000111111111110010000000
000000000011111111110010000000
000000001101011110101100000000
000000001101101110111001000000
000000001010010110000110000000
000000000011001000111000000000
000000001101011010001011000000
