000000001010100101101001000000
000000000101100010011010000000
000000001000001101010100000000
000000000100101000000011000000
000000000010011101110000000000
000000001000100110000010000000
000000000001011001110101000000
000000001001000111000100000000
000000001000111111111000000000
000000000100111111111110000000
000000000001111110011111000000
000000001101111100111110000000
000000000001110001001111000000
000000001011101000110111000000
000000000011110110010111000000
000000000001111000001111000000
000000000111111101011111000000
000000001001111100111111000000
000000001001111111111111000000
000000000110011111111111000000
000000000001100011101111000000
000000001110110100011110000000
000000000001110011101110000000
000000000101111000011100000000
000000000101111111111101000000
000000000010111111111010000000
000000001010010111110100000000
000000000101101000010011000000
000000001010001001011000000000
000000000001110110101100000000
